0 0.0018663687500000002 0.3395136703125 0 0.5556265812500001 0.0447928328125 0.6188432796875001 0.09798432343749999 0.6173731234375001 0.146509890625 0.5953207875000001 0.18290406718750002 0.5629773578124999 0.2062336703125 0.5056412796875 0.2202314296875 0.44830520625 0.2155655109375 0.3395136703125 0.2053004859375 0.276296971875 0.1745054109375 0.235132609375 0.12504665937499998 0.2277818265625 0.0895856671875 0.24248338593750002 0.0494587515625 0.2615954140625 0.05599104218749999 0.2645357265625 0.0326614390625 0.28070744062499997 0.0018663687500000002 0.3395136703125
0 0.2155655109375 0.6453984140625 0.247293765625 0.7277271390625 0.3023516234375 0.7615407203125 0.3527435609375 0.7556601 0.40406868124999995 0.71890620625 0.4311310171875 0.6645104359375 0.4413960421875 0.5954131125 0.43486375468749994 0.5351367265625 0.41806644375 0.48221111250000004 0.386338184375 0.43075565937500004 0.3480776421875 0.3984122296875 0.29395296875 0.3881211390625 0.25662560624999997 0.394001765625 0.22956326875 0.4572184640625 0.2099664046875 0.505733609375 0.2108995890625 0.5763010890625 0.2155655109375 0.6453984140625
0 0.46285927656250003 0.6850926203125 0.495520715625 0.749779475 0.5487122062500001 0.7762422796874999 0.5907054859375 0.767421346875 0.6215005609375 0.7247868265624999 0.6345651343750001 0.6659805921874999 0.640164240625 0.56453984375 0.629899215625 0.4630990890625 0.6093691671875 0.39106145312499996 0.5748413578125 0.360188178125 0.5337812625 0.37635989375 0.48618887656250004 0.3837106765625 0.4516610671875 0.435166128125 0.4441955953125 0.548368128125 0.4507278828125 0.6248162296875 0.46285927656250003 0.6850926203125
0 0.633631953125 0.49250220625 0.64576334375 0.56159953125 0.655095184375 0.60276389375 0.7222844359375 0.64098794375 0.767077265625 0.6204057656249999 0.812803284375 0.56453984375 0.8445315421874999 0.5189650109375 0.8482642765625 0.4116436375 0.8370660703125001 0.2925610109375 0.798805525 0.2190532171875 0.767077265625 0.1852396375 0.7194848828125 0.1778888546875 0.669092946875 0.226404 0.63923105625 0.26315789375 0.6177678234374999 0.36165833593749996 0.6215005609375 0.3528374015625 0.6196341921874999 0.41311378750000005 0.633631953125 0.49250220625
0 0.539380365625 0.9997059671875 0.7204180671875 1 0.7222844359375 0.962952071875 0.7082866734375 0.8673919437500001 0.6877566234375 0.8012349328124999 0.640164240625 0.7821229046875 0.5897723015625 0.7806527484375 0.5468458375 0.8174066421875 0.534714446875 0.87033225625 0.5337812625 0.9511908265625 0.539380365625 0.9997059671875
0 0.522583053125 0.9438400453125 0.5235162375 0.8585710109375 0.5095184781250001 0.7968244640625 0.4600597234375 0.75124963125 0.40780141875 0.7453690109375 0.373273609375 0.768891503125 0.3490108265625 0.8247574249999999 0.3266144078125 0.9070861515624999 0.31354983281250004 0.998235815625 0.5197835000000001 0.9967656593750001 0.522583053125 0.9438400453125
0 0.3032848078125 0.9835342562499999 0.3228816734375 0.9129667765624999 0.3275475921875 0.8379888265625001 0.3051511765625 0.7718318156249999 0.25475923749999996 0.7586004140625 0.1969018296875 0.7791825921875 0.1661067546875 0.8027050890625 0.1343785 0.8365186703124999 0.10265024062500001 0.9438400453125 0.0989175078125 0.9967656593750001 0.2883538609375 1 0.3032848078125 0.9835342562499999
0 0.0895856671875 0.9732431625 0.104516609375 0.9026756812500001 0.12877939375 0.8188767984374999 0.13064576249999998 0.7615407203125 0.11944755625 0.6909732453124999 0.06252332968749999 0.658629815625 0.002799553125 0.6292266984375 0 0.9952955031249999 0.058790592187500004 0.9967656593750001 0.0895856671875 0.9732431625
0 0.7428144828125001 0.9952955031249999 0.92105263125 1 0.92758491875 0.9908850328125001 0.920119446875 0.926198178125 0.905188503125 0.8526903859375 0.8706606953125 0.8159364921875 0.8249346765625001 0.7835930609374999 0.7857409468750001 0.768891503125 0.7465472203125 0.770361659375 0.7204180671875 0.7997647765625 0.7241508015625 0.885033815625 0.7353490109374999 0.9570714468749999 0.7428144828125001 0.9952955031249999
0 0.8473310921874999 0.8027050890625 0.8967898468750001 0.8218171125 0.9397163125000001 0.810055865625 0.9966405390625 0.78800353125 1 0.6615701281249999 0.9891750640625 0.5910026484374999 0.9658454640624999 0.5174948546875 0.930384471875 0.4939723625 0.8837252687499999 0.52484563125 0.8379992515625 0.5542487484375 0.8044046281250001 0.5792414015625 0.7857409468750001 0.6204057656249999 0.7848077625000001 0.6762716875 0.77640910625 0.6703910609375 0.798805525 0.749779475 0.8473310921874999 0.8027050890625
0 1 0.170538078125 0.9695782015625 0.1426051171875 0.907054871875 0.15142605 0.8529301984375 0.1837694796875 0.8417319890625 0.23228462031250002 0.8445315421874999 0.333725375 0.8557297484375 0.42193472656250003 0.8622620390625 0.467509559375 0.8771929828125 0.508673921875 0.8939902937499999 0.5013231390625 0.930384471875 0.48662158125 0.9677118328125 0.507203765625 0.9789100421875 0.56159953125 1 0.5777712453125 1 0.170538078125
0 0.2099664046875 0.29991179375 0.2323628234375 0.3484269328125 0.268757 0.357247865625 0.3219484890625 0.34107615625 0.36114221562500004 0.3072625703125 0.385405003125 0.2543369609375 0.39100410625 0.1822993234375 0.37047405625 0.1043810671875 0.3424785359375 0.0411643625 0.3051511765625 0.0264628046875 0.2650242625 0.03969420625 0.22303098281249997 0.07644810625000001 0.1950354609375 0.11026168750000001 0.1819708828125 0.1573066765625 0.17730496406250001 0.20582181562500002 0.19783501406249998 0.2528668046875 0.2099664046875 0.29991179375
0 0.392870475 0.43810644062500004 0.42273236093750005 0.44839753125000004 0.44792832968749996 0.4234048828125 0.47499066718750005 0.3748897375 0.4712579328125 0.319023815625 0.4544606203125 0.2690385203125 0.4264651 0.242575715625 0.390070921875 0.2352249328125 0.381672265625 0.2719788328125 0.3676745078125 0.3072625703125 0.3303471453125 0.3484269328125 0.3284807765625 0.38518082656249997 0.3620754 0.394001765625 0.392870475 0.43810644062500004
0 0.5421799187499999 0.3484269328125 0.5748413578125 0.3366656875 0.6056364328125 0.2940311671875 0.6159014578125 0.2352249328125 0.6187010078124999 0.1426051171875 0.5972377765625 0.0793884140625 0.5655095171875 0.0279329609375 0.522583053125 0.00441046875 0.49085479843749996 0.0235224921875 0.47872340468749996 0.0632166984375 0.46659201093749997 0.1264334015625 0.4609929078125 0.1764186984375 0.4703247484375 0.2881505421875 0.516050765625 0.3484269328125 0.5421799187499999 0.3484269328125
0 0.7297499078125 0 0.7250839859375 0.0102910890625 0.7157521453125 0.0837988828125 0.7325494578125 0.1558365203125 0.7558790609375 0.1764186984375 0.7885405000000001 0.21023228437500002 0.80907055 0.2308144640625 0.8286674156249999 0.2131725984375 0.8435983578125 0.14995589375 0.8305337796875 0.1144354578125 0.8137364687499999 0.054159071875 0.789473684375 0 0.7297499078125 0