0 0.1640625 0.2514880953125 0.1506696421875 0.1860119046875 0.1272321421875 0.13839285625 0.0758928578125 0.12053571406250001 0.032366071875 0.1235119046875 0.0022321421875000002 0.15178571406250002 0 0.2172619046875 0.0022321421875000002 0.26785714375 0.0212053578125 0.3154761890625 0.0424107140625 0.3244047625 0.0915178578125 0.34375 0.11495535781249999 0.3422619046875 0.15178571406250002 0.31845238125 0.1640625 0.2514880953125
0 0.19866071406250002 0.5238095234375 0.21205357187499999 0.4717261890625 0.2142857140625 0.3988095234375 0.18415178593749998 0.35714285625 0.1350446421875 0.3526785703125 0.109375 0.38095238125 0.060267857812500006 0.3869047625 0.016741071875 0.4047619046875 0.0022321421875000002 0.45535714374999997 0.016741071875 0.5178571437499999 0.0412946421875 0.5550595234375 0.11272321406250001 0.5758928562500001 0.157366071875 0.5699404765625 0.19866071406250002 0.5238095234375
0 0.1618303578125 0.6592261890625 0.16071428593749998 0.6145833328125 0.14508928593749998 0.5848214296875 0.0892857140625 0.5788690484375 0.0491071421875 0.5654761890625 0.0122767859375 0.53720238125 0 0.56845238125 0.005580357812500001 0.6473214296875 0.0178571421875 0.68154761875 0.0591517859375 0.7083333328125 0.10491071406250001 0.7172619046875 0.1540178578125 0.7008928562500001 0.1618303578125 0.6592261890625
0 0.36049107187499996 0.8630952375 0.41071428593750003 0.8288690484375 0.43191964218749995 0.7455357140625 0.3962053578125 0.75595238125 0.34486607187499996 0.7470238109375 0.33147321406249997 0.6919642859375 0.33705357187499996 0.63095238125 0.33147321406249997 0.5922619046875 0.29352678593750003 0.6086309515625 0.25 0.5788690484375 0.2220982140625 0.5357142859375 0.196428571875 0.5282738109375 0.16741071406250002 0.5699404765625 0.162946428125 0.6145833328125 0.1484375 0.6592261890625 0.1975446421875 0.7321428562500001 0.25 0.8035714296875 0.2991071421875 0.8452380953124999 0.36049107187499996 0.8630952375
0 0.30133928593750003 0.5892857140625 0.32924107187499996 0.5758928562500001 0.37946428593750003 0.5401785703125 0.40290178593750003 0.5029761890625 0.40848214218749995 0.4523809515625 0.3805803578125 0.4226190484375 0.35491071406249997 0.3839285703125 0.30915178593750003 0.38095238125 0.2522321421875 0.37946428593750003 0.2265625 0.4077380953125 0.2053571421875 0.45089285625000003 0.2053571421875 0.4970238109375 0.2232142859375 0.52529761875 0.25334821406249997 0.5669642859375 0.30133928593750003 0.5892857140625
0 0.4375 0.9136904765624999 0.462053571875 0.9300595234375001 0.5212053578125 0.92410714375 0.5446428578125 0.8839285703125 0.5825892859375 0.8586309515625 0.5982142859375 0.81845238125 0.6015625 0.7529761890625 0.5803571421875 0.71875 0.5301339281249999 0.6964285703125 0.48772321406249997 0.69345238125 0.45758928593750003 0.7172619046875 0.438616071875 0.7693452375 0.42522321406249997 0.7916666671875 0.42745535781250005 0.8601190484375 0.4375 0.9136904765624999
0 0.5691964281249999 0.6904761890625 0.6294642859375 0.6577380953125 0.640625 0.6116071437499999 0.6294642859375 0.5282738109375 0.5959821421875 0.4925595234375 0.5691964281249999 0.48809523749999995 0.5066964281249999 0.49107142968749995 0.469866071875 0.5119047625 0.462053571875 0.5729166671875 0.47098214218749995 0.61904761875 0.5033482140625 0.6651785703125 0.49776785781250005 0.6755952375 0.5145089281249999 0.7023809515625 0.5691964281249999 0.6904761890625
0 0.37053571406249997 0.7321428562500001 0.40625 0.74404761875 0.44308035781250005 0.7306547625 0.4609375 0.6919642859375 0.48883928593750003 0.6875 0.493303571875 0.6741071437499999 0.4765625 0.6458333328125 0.459821428125 0.6056547625 0.45870535781250005 0.5416666671875 0.48102678593750003 0.4925595234375 0.46428571406249997 0.4761904765625 0.43191964218749995 0.4702380953125 0.41629464218749995 0.48809523749999995 0.40959821406249997 0.5178571437499999 0.39174107187499996 0.5476190484375 0.35491071406249997 0.56845238125 0.34486607187499996 0.5892857140625 0.34709821406249997 0.6428571437499999 0.3537946421875 0.6994047625 0.37053571406249997 0.7321428562500001
0 0.5178571421875 0.3735119046875 0.5033482140625 0.3214285703125 0.475446428125 0.28720238125 0.4375 0.2723214296875 0.39955357187499996 0.27678571406249997 0.3805803578125 0.3050595234375 0.36830357187499996 0.3407738109375 0.37165178593750003 0.38839285625 0.3984375 0.42410714374999997 0.46651785781250005 0.4479166671875 0.5111607140625 0.42559523749999995 0.5178571421875 0.3735119046875
0 0.7790178578125 0.6383928562500001 0.8325892859374999 0.59970238125 0.84375 0.5535714296875 0.8314732140625001 0.4895833328125 0.8035714281249999 0.46875 0.7533482140625 0.46428571406249997 0.7198660718750001 0.47767857031250005 0.6930803578125 0.50595238125 0.6651785718750001 0.5342261890625 0.6529017859375 0.5863095234375 0.6640625 0.6755952375 0.7008928578125 0.6785714296875 0.7790178578125 0.6383928562500001
0 0.6707589281249999 0.84970238125 0.7064732140625 0.8511904765624999 0.7310267859375 0.8511904765624999 0.7600446421875 0.8318452375 0.7801339281249999 0.7961309515625 0.7801339281249999 0.7410714296875 0.7712053578125 0.7038690484375 0.7600446421875 0.6696428562500001 0.7388392859375 0.6875 0.6741071421875 0.6755952375 0.6361607140625 0.6651785703125 0.6071428578125 0.7023809515625 0.6082589281249999 0.7782738109375 0.6171875 0.8110119046875001 0.6517857140625 0.8392857140625001 0.6707589281249999 0.84970238125
0 0.2131696421875 0.39285714375 0.2299107140625 0.3958333328125 0.24888392812500001 0.3735119046875 0.27008928593750003 0.36904761875 0.2991071421875 0.37053571406249997 0.3359375 0.3720238109375 0.35044642812500004 0.36160714375 0.3616071421875 0.3214285703125 0.3694196421875 0.2842261890625 0.34263392812500004 0.2514880953125 0.31584821406249997 0.22916666718749998 0.2890625 0.2306547625 0.25334821406249997 0.2410714296875 0.23549107187499999 0.27678571406249997 0.20424107187499999 0.2976190484375 0.19084821406250002 0.3154761890625 0.188616071875 0.3586309515625 0.2131696421875 0.39285714375
0 0.3180803578125 0.22619047656250002 0.3359375 0.2232142859375 0.35044642812500004 0.21279761874999997 0.35602678593750003 0.1904761890625 0.3649553578125 0.15178571406250002 0.36383928593750003 0.1324404765625 0.35491071406249997 0.1041666671875 0.3459821421875 0.08333333281250001 0.33147321406249997 0.0669642859375 0.30803571406249997 0.0625 0.2712053578125 0.0669642859375 0.2477678578125 0.0773809515625 0.2310267859375 0.08779761875 0.19977678593749998 0.0818452375 0.186383928125 0.0982142859375 0.196428571875 0.1324404765625 0.2220982140625 0.17410714375 0.2444196421875 0.2202380953125 0.27008928593750003 0.22916666718749998 0.3180803578125 0.22619047656250002
0 0.44084821406249997 0.2693452375 0.47321428593750003 0.2797619046875 0.484375 0.27529761875 0.48214285781250005 0.24404761874999997 0.475446428125 0.2202380953125 0.467633928125 0.1994047625 0.44084821406249997 0.16071428593749998 0.4140625 0.1369047625 0.3928571421875 0.1369047625 0.37165178593750003 0.1473214296875 0.36272321406249997 0.1755952375 0.3571428578125 0.1949404765625 0.35491071406249997 0.22916666718749998 0.3671875 0.2589285703125 0.3805803578125 0.2723214296875 0.39955357187499996 0.2589285703125 0.44084821406249997 0.2693452375
0 0.6026785718750001 0.2232142859375 0.6071428578125 0.1860119046875 0.5970982140625 0.1458333328125 0.5747767859375 0.1235119046875 0.5613839281249999 0.11607142968749999 0.53125 0.11755952343750001 0.5066964281249999 0.125 0.47879464218749995 0.1398809515625 0.47321428593750003 0.18154761875 0.484375 0.2336309515625 0.5 0.2589285703125 0.5535714281249999 0.28571428593750003 0.5848214281249999 0.26339285625 0.6026785718750001 0.2232142859375
0 0.5200892859375 0.33779761875 0.5267857140625 0.3541666671875 0.5301339281249999 0.38839285625 0.5267857140625 0.43303571406249997 0.5066964281249999 0.44940476250000005 0.48772321406249997 0.47767857031250005 0.5178571421875 0.47321428593750003 0.5658482140625 0.46428571406249997 0.5926339281249999 0.4538690484375 0.5970982140625 0.40625 0.5970982140625 0.35714285625 0.5792410718750001 0.30654761875 0.5591517859375 0.2842261890625 0.515625 0.28720238125 0.5011160718750001 0.2916666671875 0.5122767859375 0.3214285703125 0.5200892859375 0.33779761875
0 0.6875 0.46279761875 0.7176339281249999 0.4523809515625 0.7444196421875 0.4404761890625 0.765625 0.4136904765625 0.7712053578125 0.3839285703125 0.7667410718750001 0.3422619046875 0.7578125 0.2976190484375 0.7321428578125 0.2648809515625 0.6808035718750001 0.26785714375 0.6395089281249999 0.2827380953125 0.6116071421875 0.3154761890625 0.6082589281249999 0.3898809515625 0.6261160718750001 0.4449404765625 0.6294642859375 0.45535714374999997 0.6540178578125 0.47321428593750003 0.6875 0.46279761875
0 0.8716517859374999 0.2514880953125 0.8337053578125 0.23958333281250002 0.7979910718750001 0.2529761890625 0.7600446421875 0.2738095234375 0.7533482140625 0.3035714296875 0.78125 0.36160714375 0.78125 0.41517857031250005 0.8035714281249999 0.42559523749999995 0.8337053578125 0.41815476250000005 0.8861607140625001 0.375 0.9017857140625001 0.3288690484375 0.8984375 0.2901785703125 0.8716517859374999 0.2514880953125
0 0.78125 0.7306547625 0.8113839281249999 0.7678571437499999 0.8303571421875 0.77529761875 0.8984375 0.7857142859375 0.9397321421875 0.7678571437499999 0.9553571421875 0.72470238125 0.9352678578125 0.6741071437499999 0.9118303578125 0.6398809515625 0.8794642859374999 0.6264880953125 0.8337053578125 0.625 0.8046875 0.6443452375 0.7767857140625 0.6860119046875 0.78125 0.7306547625
0 0.9877232140625001 0.9151785703125 0.9966517859374999 0.8601190484375 0.9732142859374999 0.81845238125 0.9185267859374999 0.7857142859375 0.875 0.7797619046875 0.8180803578125 0.78125 0.78125 0.7961309515625 0.7633928578125 0.8764880953124999 0.7723214281249999 0.8898809515625 0.8470982140625001 0.9449404765624999 0.8962053578125 0.9494047625 0.9609375 0.9449404765624999 0.9877232140625001 0.9151785703125
0 0.9698660718750001 0.5476190484375 0.9787946421875 0.49404761875 0.9665178578125 0.43303571406249997 0.9441964281249999 0.3958333328125 0.9129464281249999 0.39285714375 0.8649553578125 0.41517857031250005 0.8381696421875 0.4404761890625 0.8337053578125 0.48214285625000003 0.8404017859374999 0.5208333328125 0.8560267859374999 0.5699404765625 0.8973214281249999 0.59375 0.9408482140625001 0.5788690484375 0.9698660718750001 0.5476190484375
0 0.9720982140625001 0.72470238125 0.9542410718750001 0.7678571437499999 1 0.7633928562500001 0.9955357140625001 0.7202380953125 1 0.6428571437499999 0.9854910718750001 0.6056547625 0.9587053578125 0.5863095234375 0.8928571421875 0.5952380953125 0.8995535718750001 0.6220238109375 0.9486607140625001 0.6800595234375 0.9720982140625001 0.72470238125