0 0.03 0.284226190625 0.052500000000000005 0.2321428578125 0.065 0.1741071421875 0.075 0.116071428125 0.0641666671875 0.0669642859375 0.0533333328125 0.03125 0.0258333328125 0.0044642859375000005 0.0016666671875 0 0 0.31845238125 0.03 0.284226190625
0 0.195 0 0.16499999999999998 0.0014880953125 0.12250000000000001 0.02529761875 0.1041666671875 0.06845238125 0.1041666671875 0.078869046875 0.0891666671875 0.1324404765625 0.0933333328125 0.178571428125 0.10333333281249998 0.23363095312499998 0.1108333328125 0.247023809375 0.1241666671875 0.2604166671875 0.14666666718750002 0.29017857187499996 0.1566666671875 0.2931547625 0.18416666718750002 0.28720238125 0.21749999999999997 0.2693452375 0.2391666671875 0.24107142812500001 0.2533333328125 0.20833333281250002 0.265 0.153273809375 0.275 0.09970238125 0.2708333328125 0.0803571421875 0.255 0.0193452375 0.23500000000000001 0 0.195 0
0 0.3266666671875 0.28125 0.3458333328125 0.30357142812500004 0.3591666671875 0.346726190625 0.3741666671875 0.3883928578125 0.3883333328125 0.3764880953125 0.4308333328125 0.327380953125 0.45583333281250005 0.28571428593750003 0.4625 0.25446428593750003 0.47416666718749995 0.18303571406250002 0.46749999999999997 0.1488095234375 0.4533333328125 0.11755952343750001 0.44333333281250004 0.0892857140625 0.42750000000000005 0.0550595234375 0.4141666671875 0.0386904765625 0.3691666671875 0.02529761875 0.3525 0.028273809374999997 0.3133333328125 0.0505952375 0.3008333328125 0.0639880953125 0.2908333328125 0.13095238125 0.3008333328125 0.196428571875 0.3025 0.25446428593750003 0.30416666718749996 0.2678571421875 0.3266666671875 0.28125
0 0.5316666671875 0.2827380953125 0.5691666671875 0.3303571421875 0.6 0.3020833328125 0.6425 0.27678571406249997 0.67 0.2202380953125 0.6766666671875 0.13988095312499998 0.6458333328125 0.08779761875 0.6174999999999999 0.03125 0.5858333328125 0.0133928578125 0.5533333328125 0.0297619046875 0.5158333328125 0.0550595234375 0.4891666671875 0.10565476250000001 0.49749999999999994 0.159226190625 0.5166666671875 0.2380952375 0.5316666671875 0.2827380953125
0 0.7883333328125001 0.34821428593750003 0.8291666671875 0.315476190625 0.865 0.2574404765625 0.8791666671874999 0.184523809375 0.8633333328124999 0.0952380953125 0.8141666671875001 0.0416666671875 0.7683333328125 0.040178571875 0.7283333328125 0.0580357140625 0.6966666671875 0.12053571406250001 0.6950000000000001 0.2455357140625 0.7316666671875 0.3050595234375 0.7883333328125001 0.34821428593750003
0 0.9258333328124999 0.29017857187499996 0.9691666671875 0.3556547625 0.9949999999999999 0.3511904765625 1 0.0416666671875 0.9641666671875001 0.02529761875 0.9016666671875001 0.077380953125 0.8691666671875 0.19196428593749998 0.8983333328124999 0.264880953125 0.9258333328124999 0.29017857187499996
0 0.8616666671875001 0.6294642859375 0.865 0.6160714281249999 0.9525 0.55654761875 0.9816666671875 0.47321428593750003 0.9741666671875 0.3869047625 0.9266666671875001 0.30357142812500004 0.8675 0.27232142812500004 0.8266666671875 0.3125 0.7975 0.360119046875 0.7775000000000001 0.44940476250000005 0.7866666671875 0.491071428125 0.8066666671875 0.5610119046875 0.8616666671875001 0.6294642859375
0 0.7008333328125 0.559523809375 0.7516666671875 0.53720238125 0.7791666671875 0.4300595234375 0.7683333328125 0.3511904765625 0.7208333328125 0.2946428578125 0.6591666671875 0.28720238125 0.6183333328125 0.3229166671875 0.5974999999999999 0.3675595234375 0.5991666671875 0.4791666671875 0.645 0.6294642859375 0.6908333328125 0.5982142859375 0.7008333328125 0.559523809375
0 0.45416666718750004 0.6175595234375 0.47083333281249995 0.5922619046875 0.5166666671875 0.546130953125 0.5666666671875 0.534226190625 0.5716666671875 0.46279761875 0.5791666671875 0.36607142812500004 0.5458333328125 0.3258928578125 0.5058333328125 0.28571428593750003 0.4583333328125 0.2991071421875 0.4175 0.3556547625 0.38416666718750003 0.4702380953125 0.40833333281249995 0.546130953125 0.45416666718750004 0.6175595234375
0 0.2683333328125 0.596726190625 0.30416666718749996 0.55654761875 0.3608333328125 0.5208333328125 0.37333333281250003 0.471726190625 0.3641666671875 0.377976190625 0.33999999999999997 0.30654761875 0.3016666671875 0.2678571421875 0.2541666671875 0.2797619046875 0.2141666671875 0.3139880953125 0.1916666671875 0.375 0.1925 0.428571428125 0.1933333328125 0.534226190625 0.2683333328125 0.596726190625
0 0.01 0.5520833328125 0.05500000000000001 0.6071428578125 0.0666666671875 0.5848214281249999 0.10916666718750001 0.5223214281249999 0.1591666671875 0.514880953125 0.175 0.49404761875 0.17333333281250002 0.3854166671875 0.155 0.309523809375 0.1166666671875 0.25892857187499996 0.07666666718750001 0.25446428593750003 0.0475 0.27232142812500004 0.02 0.3303571421875 0.005 0.389880953125 0 0.4985119046875 0.01 0.5520833328125
0 0.0941666671875 0.8363095234375001 0.1675 0.84375 0.20166666718749998 0.8705357140625001 0.22000000000000003 0.8482142859374999 0.2383333328125 0.7678571421875 0.255 0.65625 0.23583333281250002 0.5922619046875 0.1883333328125 0.5505952375 0.1258333328125 0.53720238125 0.0816666671875 0.56845238125 0.0666666671875 0.641369046875 0.06 0.721726190625 0.0566666671875 0.7113095234375 0.0716666671875 0.8556547625 0.0941666671875 0.8363095234375001
0 0.3783333328125 0.9166666671874999 0.41166666718749995 0.8764880953124999 0.43833333281250003 0.752976190625 0.43 0.641369046875 0.40416666718750005 0.5892857140625 0.365 0.547619046875 0.31416666718749997 0.5580357140625 0.27749999999999997 0.59970238125 0.25916666718750003 0.6517857140625 0.2525 0.71875 0.25916666718750003 0.815476190625 0.2808333328125 0.8943452375 0.3275 0.8705357140625001 0.3783333328125 0.9166666671874999
0 0.5675 0.9017857140625001 0.6025 0.8943452375 0.6325000000000001 0.8199404765624999 0.6466666671875 0.6830357140625 0.6208333328125 0.5922619046875 0.5658333328125 0.5491071421875 0.5125 0.559523809375 0.4691666671875 0.6264880953125 0.45499999999999996 0.7068452375 0.48333333281249996 0.88095238125 0.49749999999999994 0.8988095234375001 0.5675 0.9017857140625001
0 0.7075 0.922619046875 0.7516666671875 0.8928571421875 0.7983333328125 0.891369046875 0.8341666671875 0.84375 0.845 0.74404761875 0.8291666671875 0.6339285718750001 0.7991666671875 0.5625 0.7458333328125 0.5491071421875 0.7108333328125 0.5669642859375 0.6816666671875 0.6235119046875 0.6475 0.7142857140625 0.65 0.7455357140625 0.6616666671875 0.84970238125 0.7075 0.922619046875
0 0.8983333328124999 0.909226190625 0.9516666671875 0.872023809375 1 0.88095238125 0.9983333328124999 0.5744047625 0.9791666671874999 0.5550595234375 0.93 0.5625 0.8816666671875 0.59375 0.8591666671875 0.6636904765625 0.8583333328125 0.7619047625 0.8708333328125001 0.8541666671874999 0.8983333328124999 0.909226190625