1 0.084942084375 1 0.1235521234375 0.9837997062499999 0.1577495875 0.9499263609374999 0.1632653046875 0.9057437421874999 0.151130721875 0.8217967578125001 0.13568670625 0.770250365625 0.11583011562500001 0.729013253125 0.07722007656249999 0.701030928125 0.0430226140625 0.6995581750000001 0.011031440625 0.6980854171875001 0 0.705449190625 0 0.9970544890624999 0.02647545625 1 0.084942084375 1
1 0.38610038593749996 0.9469808562500001 0.44897959062500004 0.941089840625 0.48648648593750005 0.9234167890625 0.52068395 0.8924889531250001 0.546056259375 0.823269515625 0.5482625484375 0.74374079375 0.533921675 0.6877761390625 0.4931053515625 0.6332842421875 0.4412575828125 0.6185567015625 0.39382239375 0.62592046875 0.3574186453125 0.662739325 0.33204633281249996 0.7083946953125 0.3154991734375 0.78055964375 0.31108659843750003 0.82916053125 0.34197462968750003 0.9013254796875 0.38610038593749996 0.9469808562500001
1 0.2603419734375 0.7835051546875 0.303364590625 0.7658321078125 0.32322118125 0.7231222374999999 0.33866519687499996 0.6642120765625 0.31108659843750003 0.6465390249999999 0.276889134375 0.6244477171875 0.2504136796875 0.5773195875 0.24489795781249998 0.5257731953125 0.1996690578125 0.5493372625 0.1643684515625 0.58910161875 0.155543296875 0.64212076875 0.1632653046875 0.717231221875 0.1787093203125 0.7599410875 0.21952564843750003 0.786450665625 0.2603419734375 0.7835051546875
1 0.232763375 0.5198821796875001 0.2537231125 0.4904270984375 0.251516821875 0.4668630359375 0.2460011046875 0.43446244375000004 0.21952564843750003 0.41384388593750004 0.1897407609375 0.384388809375 0.182018753125 0.3505154640625 0.141202428125 0.347569953125 0.10700496562499999 0.3755522828125 0.086045228125 0.421207659375 0.0948703828125 0.47717231406250005 0.1235521234375 0.530191459375 0.15664644375 0.5684830625 0.19305019375000002 0.5449189999999999 0.232763375 0.5198821796875001
1 0.28902371875 0.3976435921875 0.32763375625 0.3681885109375 0.3309431890625 0.353460975 0.3154991734375 0.315169365625 0.3199117484375 0.25625920625 0.28240485312499997 0.25184094375 0.242691671875 0.257731959375 0.1985659109375 0.2916053046875 0.1897407609375 0.347569953125 0.242691671875 0.41826215 0.272476559375 0.43740795312499997 0.28902371875 0.3976435921875
1 0.33756205 0.35787923125 0.3618312203125 0.3490427109375 0.3971318265625 0.3608247421875 0.44236072968749995 0.38144329843749997 0.46883618125000004 0.363770253125 0.48648648593750005 0.32253313906250003 0.49089906250000004 0.25625920625 0.48097076875000006 0.2047128140625 0.4589078875 0.16642120625 0.4258135671875 0.14727540781249998 0.379481521875 0.154639175 0.34418091562500003 0.172312221875 0.32542746718750004 0.23858615468750002 0.322118034375 0.270986746875 0.317705459375 0.32106038125 0.33756205 0.35787923125
1 0.49089906250000004 0.21502209218749999 0.4975179265625 0.25184094375 0.5416436828125 0.25036819062500004 0.5846662968749999 0.22974963437499998 0.6023166015625 0.19440353593749998 0.6023166015625 0.144329896875 0.5912851625 0.1001472734375 0.56922228125 0.06921943750000001 0.5416436828125 0.05891015937500001 0.49641478437500003 0.0648011796875 0.4666298953125 0.0868924890625 0.444567015625 0.12665685 0.4544953125 0.14727540781249998 0.4831770546875 0.17525773125 0.49089906250000004 0.21502209218749999
1 0.388306675 0.6082474234374999 0.42801985781249996 0.6185567015625 0.4611141734375 0.5832106031250001 0.4732487609375 0.5316642109374999 0.46552675312499997 0.460972015625 0.4412575828125 0.384388809375 0.4114726984375 0.3608247421875 0.369553228125 0.3667157578125 0.32763375625 0.38291605156249997 0.30005515781250003 0.4094256234375 0.269167128125 0.46833578906250006 0.2559293984375 0.49631811406250004 0.26806398124999997 0.555228278125 0.2790954203125 0.5964653921874999 0.29343629375 0.6244477171875 0.33204633281249996 0.6509572890624999 0.3463872046875 0.6568483046875 0.3607280734375 0.6347569953125001 0.388306675 0.6082474234374999
1 0.5592939890624999 0.6067746703125 0.6067291781249999 0.59351988125 0.6508549375 0.5699558203125 0.6839492546875 0.5198821796875001 0.6927744046875 0.47569955625000004 0.6905681203125 0.4094256234375 0.6729178140625 0.3564064796875 0.6188637609375001 0.31958762812499997 0.5637065640625 0.3328424171875 0.505239934375 0.363770253125 0.48979591874999995 0.43593520156250004 0.4831770546875 0.5110456546875 0.505239934375 0.567010309375 0.5592939890624999 0.6067746703125
1 0.580253721875 0.8689248921875 0.6276889156250001 0.9160530203125001 0.6685052390624999 0.908689246875 0.706012134375 0.8851251859374999 0.7501378921875 0.845360825 0.7633756218750001 0.7952871859374999 0.7666850546874999 0.758468334375 0.7545504671875001 0.6995581750000001 0.7258687265625 0.6465390249999999 0.671814671875 0.599410896875 0.6232763359375 0.5964653921874999 0.5956977375 0.6215022109375 0.5581908453125 0.662739325 0.5526751234375 0.74374079375 0.5637065640625 0.8217967578125001 0.580253721875 0.8689248921875
1 0.9917264203125 1 1 0.6863033859375001 0.9840044125 0.673048603125 0.9420849421874999 0.662739325 0.8825151703125 0.6597938140624999 0.8284611156249999 0.689248896875 0.797573084375 0.71575846875 0.7788196375 0.78055964375 0.7799227796875 0.848306334375 0.7898510765625 0.9175257734375 0.797573084375 0.9661266546875 0.8405956984375 1 0.9917264203125 1
1 0.6850523984375 0.599410896875 0.7236624359375 0.6318114890625 0.7578598999999999 0.668630340625 0.7655819078125 0.705449190625 0.7799227796875 0.737849778125 0.79316050625 0.701030928125 0.797573084375 0.6583210625 0.7832322125 0.572901325 0.75234418125 0.555228278125 0.706012134375 0.5125184078125 0.6927744046875 0.5331369640625 0.6729178140625 0.5773195875 0.6850523984375 0.599410896875
1 0.8008825140625 0.5861561140625 0.79316050625 0.620029453125 0.8097076671875 0.6332842421875 0.8405956984375 0.6347569953125001 0.85273028125 0.6008836546875 0.8549365671875 0.539027984375 0.8350799765625 0.46833578906250006 0.79316050625 0.44771723124999996 0.7611693328125 0.4565537578125 0.7159404281249999 0.47717231406250005 0.738003309375 0.530191459375 0.7766133468749999 0.555228278125 0.8008825140625 0.5861561140625
1 0.8218422515625001 0.44918998437499996 0.8549365671875 0.465390278125 0.8571428578125 0.502209128125 0.8670711546875 0.5331369640625 0.8836183125 0.4948453609375 0.8880308875 0.428571428125 0.8747931624999999 0.3770250359375 0.8483177062499999 0.3416789375 0.8163265296875 0.34020618593749996 0.7909542203125 0.3622974953125 0.762272475 0.38733431406249996 0.742415884375 0.42562592343750005 0.75234418125 0.44771723124999996 0.7710976296875 0.43888070625 0.8218422515625001 0.44918998437499996