2 0.04148148125 0.6237037046875 0.045925925 0.67555555625 0.10222222343750001 0.72 0.20740740781250003 0.7007407406249999 0.2503703703125 0.6666666671875 0.2962962953125 0.6118518515625 0.3318518515625 0.5511111109375 0.3437037046875 0.47851851874999995 0.32148148125 0.4311111109375 0.2681481484375 0.3911111109375 0.1718518515625 0.38962962968750003 0.10962962968750001 0.4177777765625 0.0681481484375 0.47851851874999995 0.0474074078125 0.5481481484375 0.04148148125 0.6237037046875
2 0.28444444375 0.39851851875 0.30962962968749996 0.4 0.3288888890625 0.3881481484375 0.354074075 0.3718518515625 0.3674074078125 0.3466666671875 0.3688888890625 0.32444444375 0.3525925921875 0.3081481484375 0.32148148125 0.2948148140625 0.28148148125 0.3022222234375 0.2488888890625 0.3111111109375 0.2118518515625 0.33777777656249997 0.205925925 0.37629629531250003 0.24 0.3837037046875 0.28444444375 0.39851851875
2 0.5481481484375 0.3437037046875 0.5822222234375001 0.3437037046875 0.6074074078125 0.3037037046875 0.6162962953125 0.2548148140625 0.6088888890625 0.2118518515625 0.5674074078125 0.1866666671875 0.5288888890625 0.1896296296875 0.4888888890625 0.2311111109375 0.4962962953125 0.28444444375 0.5125925921875 0.325925925 0.5481481484375 0.3437037046875
2 0.5022222234375 0.4503703703125 0.4962962953125 0.4103703703125 0.4651851859375 0.379259259375 0.40888888906250004 0.3748148140625 0.36444444374999996 0.37629629531250003 0.3288888890625 0.3911111109375 0.3229629625 0.41629629531249995 0.3422222234375 0.4637037046875 0.35851851875 0.5022222234375 0.37333333281250003 0.5303703703125 0.39851851875 0.540740740625 0.43851851875000003 0.525925925 0.46962962968750005 0.4918518515625 0.5022222234375 0.4503703703125
2 0.325925925 0.940740740625 0.4 0.9125925921875 0.4251851859375 0.8237037046875001 0.4251851859375 0.7718518515625 0.4148148140625 0.7111111109375 0.3911111109375 0.63555555625 0.36296296250000004 0.5837037046875 0.33777777656249997 0.5437037046875 0.31851851875000003 0.59851851875 0.2770370375 0.6488888890625 0.2503703703125 0.67851851875 0.2133333328125 0.7111111109375 0.22518518593749998 0.7674074078124999 0.22074074062500001 0.8385185187499999 0.24592592500000002 0.8859259249999999 0.2770370375 0.9229629625 0.325925925 0.940740740625
2 0.37333333281250003 0.5570370375 0.38074074062499996 0.605925925 0.405925925 0.6474074078125 0.4474074078125 0.6888888890625 0.4903703703125 0.7051851859375 0.5466666671875 0.68444444375 0.5688888890625 0.6488888890625 0.5437037046875 0.6044444437500001 0.5022222234375 0.5762962953125 0.4651851859375 0.5451851859375 0.420740740625 0.540740740625 0.3822222234375 0.5466666671875 0.37333333281250003 0.5570370375
2 0.6548148140625 0.8711111109375 0.7081481484375 0.8503703703125 0.75555555625 0.79851851875 0.754074075 0.7466666671875 0.7066666671874999 0.7185185187500001 0.6651851859375 0.6918518515625001 0.6488888890625 0.7066666671874999 0.6370370375000001 0.7348148140624999 0.6162962953125 0.780740740625 0.6281481484375 0.8325925921874999 0.6548148140625 0.8711111109375
2 0.7733333328125 0.7259259250000001 0.7925925921875 0.7051851859375 0.7896296296875 0.6548148140625 0.780740740625 0.6103703703125001 0.7614814812499999 0.5866666671874999 0.7377777765625 0.56444444375 0.7096296296875 0.5688888890625 0.6799999999999999 0.5777777765625001 0.6666666671875 0.6103703703125001 0.6548148140625 0.64148148125 0.68444444375 0.6918518515625001 0.7037037046875 0.7125925921875 0.7481481484375 0.7288888890624999 0.7733333328125 0.7259259250000001
2 0.7940740749999999 0.6622222234375 0.8133333328125 0.6977777765625001 0.860740740625 0.72148148125 0.9066666671875 0.71555555625 0.9170370374999999 0.685925925 0.9081481484375 0.6503703703125 0.8755555562499999 0.6266666671875 0.8548148140625 0.59851851875 0.8237037046875001 0.5851851859375 0.780740740625 0.5896296296875 0.7748148140625 0.6133333328125 0.7940740749999999 0.6622222234375
2 0.51851851875 0.37629629531250003 0.5096296296875 0.4103703703125 0.5096296296875 0.4474074078125 0.52148148125 0.4933333328125 0.5422222234375 0.5348148140625 0.594074075 0.5555555562500001 0.634074075 0.5451851859375 0.6429629625 0.5066666671875 0.6429629625 0.4651851859375 0.6192592593749999 0.41333333281250006 0.6133333328125 0.365925925 0.5703703703125 0.33777777656249997 0.5318518515624999 0.340740740625 0.51851851875 0.37629629531250003
2 0.9229629625 0.820740740625 0.9214814812500001 0.7748148140625 0.8918518515624999 0.7259259250000001 0.8696296296874999 0.7096296296875 0.820740740625 0.6829629625 0.7866666671875 0.6903703703125 0.7837037046875001 0.7451851859375 0.7896296296875 0.7481481484375 0.8103703703124999 0.7940740749999999 0.8370370375 0.8370370375 0.8829629625000001 0.8459259250000001 0.9229629625 0.820740740625
2 0.9762962953125 0.6918518515625001 0.9970370375 0.685925925 0.9985185187500001 0.6637037046875001 0.9985185187500001 0.6044444437500001 0.980740740625 0.5733333328125 0.9525925921875 0.5303703703125 0.9214814812500001 0.5362962953125 0.8903703703125 0.5629629625 0.9066666671875 0.6044444437500001 0.9229629625 0.63851851875 0.940740740625 0.6740740749999999 0.9762962953125 0.6918518515625001
2 1 0.56148148125 0.9970370375 0.4503703703125 0.9629629625 0.41925925937499997 0.9274074078125001 0.4222222234375 0.9066666671875 0.4474074078125 0.9377777765624999 0.49481481406250005 0.9466666671875 0.51555555625 0.9777777765625 0.5496296296875001 1 0.56148148125
2 0.63851851875 0.44444444375 0.6548148140625 0.4711111109375 0.6725925921875 0.49777777656250005 0.6903703703125 0.51555555625 0.7466666671875 0.51851851875 0.7674074078124999 0.48444444375 0.7437037046875 0.44444444375 0.7081481484375 0.41629629531249995 0.6696296296875001 0.3881481484375 0.63555555625 0.3925925921875 0.6266666671875 0.41925925937499997 0.63851851875 0.44444444375
2 0.4918518515625 0.4029629625 0.5081481484375 0.40444444375 0.5170370375 0.3748148140625 0.5170370375 0.3422222234375 0.5066666671875 0.3125925921875 0.4933333328125 0.2888888890625 0.47259259218749994 0.27555555625 0.43555555625000003 0.2711111109375 0.39703703749999997 0.27555555625 0.37629629531250003 0.2874074078125 0.3837037046875 0.3274074078125 0.39407407499999997 0.36296296250000004 0.4281481484375 0.3674074078125 0.459259259375 0.3748148140625 0.4918518515625 0.4029629625
2 0.034074074999999995 0.0148148140625 0.013333332812500001 0.03851851875 0.00148148125 0.0681481484375 0.004444443750000001 0.0874074078125 0.0118518515625 0.09925925937499999 0.0311111109375 0.11851851875 0.08 0.11259259218749999 0.0862149953125 0.1132140921875 0.100740740625 0.0948148140625 0.12296296250000001 0.0488888890625 0.11851851875 0.0311111109375 0.09925925937499999 0.0251851859375 0.045925925 0.0103703703125 0.034074074999999995 0.0148148140625
2 0.6799999999999999 0.0474074078125 0.68444444375 0.0103703703125 0.6711111109375001 0.0029629625 0.5881481484375 0.008888889062499999 0.5911111109375 0.045925925 0.6148148140624999 0.07555555625 0.6622222234375 0.0725925921875 0.6799999999999999 0.0474074078125
2 0.6740740749999999 0.019259259375 0.6770370375 0.04 0.6948148140625 0.0711111109375 0.7288888890624999 0.08148148125 0.7437037046875 0.0622222234375 0.7466666671875 0.03851851875 0.7451851859375 0.00148148125 0.6903703703125 0 0.6770370375 0.0103703703125 0.6740740749999999 0.019259259375