1 0.170498084375 0.8387563281249999 0.1973180078125 0.7953723796875 0.22509578593750001 0.7462039046875 0.2624521078125 0.711496746875 0.3007662828125 0.6811279828125001 0.294061303125 0.6276211125 0.2768199234375 0.51626898125 0.2595785453125 0.4497469265625 0.2183908046875 0.4020245828125 0.1743295015625 0.39045553125 0.163793103125 0.32104121406249997 0.1628352484375 0.24295010781249998 0.141762453125 0.2255965296875 0.144636015625 0.26319594999999996 0.1475095796875 0.32248734687499997 0.14559386875 0.3976861890625 0.0967432953125 0.43962400625000003 0.069923371875 0.48879247968749995 0.053639846874999994 0.5770065078125 0.056513409375000004 0.6522053515625 0.0785440625 0.740419378125 0.08141762500000001 0.7780188 0.12356321875000001 0.819956615625 0.170498084375 0.8387563281249999
1 0.385057471875 0.8185104843750001 0.43486590156249993 0.8214027484375 0.4846743296875 0.77657266875 0.5191570875 0.70281995625 0.5249042140625 0.614605928125 0.511494253125 0.529284165625 0.49712643749999996 0.45263919062499997 0.46264367812499996 0.3947939265625 0.41091954062499997 0.36876355781250003 0.358237546875 0.3832248734375 0.3333333328125 0.4367317421875 0.3180076625 0.510484453125 0.306513409375 0.660882140625 0.3371647515625 0.760665221875 0.385057471875 0.8185104843750001
1 0.6206896546875 0.819956615625 0.7040229890624999 0.8098336937499999 0.757662834375 0.7693420109375 0.7720306515625001 0.6912509046875 0.783524903125 0.584237165625 0.7672413796875001 0.4960231390625 0.72701149375 0.4107013734375 0.679118775 0.3557483734375 0.6331417625 0.3528561109375 0.5996168578125001 0.40057845312499996 0.5651340984375001 0.47722342656250005 0.5517241375 0.582791034375 0.5526819921875 0.6579898765625 0.5727969359375 0.766449746875 0.6206896546875 0.819956615625
1 0.8132183906250001 0.70571221875 0.839080459375 0.7534345625000001 0.89559386875 0.8098336937499999 0.9367816093749999 0.82863340625 0.9722222234375 0.7982646421874999 0.9971264375000001 0.744757771875 0.9990421453125 0.39045553125 0.9712643671875 0.377440346875 0.8888888890625 0.3759942140625 0.8448275859375001 0.40636297812500005 0.8074712640625 0.504699928125 0.7998084296875 0.5466377437500001 0.8007662828125 0.6319595078125 0.8132183906250001 0.70571221875
1 0.3113026828125 0.5220535078124999 0.3237547890625 0.47433116562500005 0.3371647515625 0.4135936375 0.3745210734375 0.3716558203125 0.40900383125 0.3731019515625 0.45785440624999996 0.39334779375 0.45977011562500003 0.3499638453125 0.465517240625 0.24439624062499998 0.4473180078125 0.1648590015625 0.40708812187500004 0.0997830796875 0.365900384375 0.062183659375 0.317049809375 0.0607375265625 0.2863984671875 0.088214028125 0.2595785453125 0.1359363703125 0.23659003906249998 0.1807664484375 0.2327586203125 0.2718727390625 0.2375478921875 0.3702096890625 0.24425287343750002 0.4150397671875 0.283524903125 0.481561821875 0.3113026828125 0.5220535078124999
1 0.516283525 0.45842371562500006 0.544061303125 0.5061460578125 0.5555555562500001 0.48734635 0.5651340984375001 0.448300796875 0.592911878125 0.39190166406250004 0.618773946875 0.3470715828125 0.667624521875 0.3456254515625 0.6886973171874999 0.3470715828125 0.6877394640625 0.28633405624999997 0.6839080453124999 0.1995661609375 0.644636015625 0.11424439687500001 0.6005747125 0.052060737499999996 0.55842911875 0.059291395312499995 0.52298850625 0.0853217640625 0.5028735625 0.1344902390625 0.4865900390625 0.1908893703125 0.4760536390625 0.2646420828125 0.4722222234375 0.3138105578125 0.4865900390625 0.38467100468750004 0.516283525 0.45842371562500006
1 0.7816091953125001 0.49313087343750006 0.806513409375 0.504699928125 0.8151340984375001 0.45842371562500006 0.842911878125 0.3976861890625 0.9013409953125 0.36876355781250003 0.9195402296875 0.3239334765625 0.9252873562499999 0.22125813437500003 0.8975095796874999 0.1503976859375 0.8505747124999999 0.093998553125 0.8017241374999999 0.0954446859375 0.7605363984375 0.1156905265625 0.7250957859375 0.1605206078125 0.70785440625 0.21113521249999997 0.70498084375 0.28778018906249997 0.7068965515625 0.3398409265625 0.7404214546875 0.41648589999999996 0.7816091953125001 0.49313087343750006
1 0.189655171875 0.3861171359375 0.21455938593749999 0.38177874218749996 0.22030651250000002 0.3557483734375 0.22509578593750001 0.276211134375 0.22701149375 0.1836587140625 0.22413793124999998 0.1258134484375 0.193486590625 0.065075921875 0.15708812187500001 0.0187997109375 0.1178160921875 0.0028922625 0.067049809375 0.0014461328125000002 0.034482759375 0.023138106250000002 0.0019157078125 0.06796818437499999 0.0009578546875 0.3152566875 0.00670498125 0.354302240625 0.0249042140625 0.38756326875 0.0545977015625 0.4280549515625 0.10727969374999999 0.4135936375 0.15038314218749999 0.39190166406250004 0.189655171875 0.3861171359375
1 0.131226053125 0.9934924078125 0.14559386875 0.895155459375 0.11590038437500001 0.82863340625 0.082375478125 0.7809110625 0.056513409375000004 0.7621113515625 0.041187740625000004 0.7693420109375 0.0028735625000000002 0.7722342734375001 0 0.8908170656250001 0.0057471265625 0.999276934375 0.131226053125 0.9934924078125
1 0.3821839078125 0.999276934375 0.3975095796875 0.9848156187500001 0.404214559375 0.921185828125 0.384099615625 0.8705712218749999 0.365900384375 0.812725959375 0.339080459375 0.7621113515625 0.3160919546875 0.7317425875 0.271072796875 0.7302964578125 0.22701149375 0.7462039046875 0.1973180078125 0.789587853125 0.1618773953125 0.8517715125 0.1513409953125 0.924078090625 0.1599616859375 1 0.3821839078125 0.999276934375
1 0.644636015625 0.994938540625 0.6503831421874999 0.9501084593750001 0.64559386875 0.8864786703125 0.62356321875 0.819956615625 0.5919540234375 0.7780188 0.5651340984375001 0.75777295625 0.5134099609375 0.766449746875 0.48275862031249994 0.7953723796875 0.455938696875 0.8474331171875 0.43007662812499997 0.9023861171875 0.4118773953125 0.9515545921875 0.40900383125 1 0.644636015625 0.994938540625
1 0.9147509578124999 0.8662328265625 0.8840996156250001 0.793926246875 0.82758620625 0.75777295625 0.7749042140625 0.7592190890625 0.731800765625 0.7838033249999999 0.6973180078125 0.8329717999999999 0.6800766281249999 0.898047721875 0.6733716484375 0.9804772234374999 0.9367816093749999 0.9920462750000001 0.932950190625 0.9428778031249999 0.9147509578124999 0.8662328265625