1 0.2375 0.8803579156250001 0.2990384609375 0.793765334375 0.3115384609375 0.6985134937499999 0.30384615312499996 0.62202338125 0.27019230781250003 0.57006783125 0.21826923125 0.55707894375 0.17307692187499998 0.584499928125 0.13173076875 0.639341896875 0.09903846093749999 0.68552460625 0.08076923124999999 0.741809784375 0.0759615390625 0.82118631875 0.1125 0.9048924796875 0.16923076875 0.9178813671875 0.2375 0.8803579156250001
1 0.1298076921875 0.5412036359375 0.152884615625 0.5036801843750001 0.13173076875 0.4777024109375 0.091346153125 0.47192957187499995 0.066346153125 0.5123394421875 0.0673076921875 0.53110116875 0.0826923078125 0.5513061046875001 0.1298076921875 0.5412036359375
1 0.064423078125 0.5080098140625 0.0615384609375 0.4820320390625 0.039423078125 0.4675999421875 0.00673076875 0.4820320390625 0 0.5152258625 0.010576921875 0.5426468468750001 0.023076921875 0.5541925234375 0.058653846875000006 0.5383172171874999 0.064423078125 0.5080098140625
1 0.10096153906250001 0.46182710312499997 0.10384615312500001 0.43296290937500004 0.08846153906250001 0.409871553125 0.051923078125 0.4127579734375 0.035576921875 0.440178959375 0.0490384609375 0.4777024109375 0.0701923078125 0.47914561874999995 0.10096153906250001 0.46182710312499997
1 0.0798076921875 0.34925674687499997 0.06826923124999999 0.33193823125 0.029807692187500002 0.33482464843750004 0.002884615625 0.3521431671875 0.0076923078125 0.37667773125 0.035576921875 0.4127579734375 0.0759615390625 0.40554192499999997 0.091346153125 0.39255303750000003 0.0798076921875 0.34925674687499997
1 0.1423076921875 0.346370328125 0.1298076921875 0.3088468765625 0.09423076875 0.2958579890625 0.0701923078125 0.30596045625 0.06923076875 0.3276086015625 0.08076923124999999 0.34925674687499997 0.097115384375 0.3694616828125 0.1375 0.3608024234375 0.1423076921875 0.346370328125
1 0.13269230781250002 0.3737913109375 0.102884615625 0.3680184734375 0.091346153125 0.38533698906249997 0.09326923125 0.41564439374999995 0.10384615312500001 0.4286332796875 0.13365384687499998 0.4430653765625 0.151923078125 0.43729253906250004 0.15480769218749998 0.4084283453125 0.13269230781250002 0.3737913109375
1 0.159615384375 0.513782653125 0.166346153125 0.5065666046875 0.1625 0.47914561874999995 0.151923078125 0.4517246359375 0.116346153125 0.4517246359375 0.123076921875 0.4675999421875 0.147115384375 0.49213450625000005 0.159615384375 0.513782653125
1 0.2740384609375 0.933756675 0.29326923125 0.9987011109375 0.4009615390625 0.9987011109375 0.4240384609375 0.9655072890625 0.4576923078125 0.9077788999999999 0.4673076921875 0.8514937218749999 0.4634615390625 0.790878915625 0.4490384609375 0.7547986718749999 0.4115384609375 0.7317073171875 0.360576921875 0.7345937375 0.31826923125 0.7620147203125 0.2875 0.8240727375000001 0.2759615390625 0.890460384375 0.2740384609375 0.933756675
1 0.597115384375 0.9265406265625 0.635576921875 0.91499495 0.6759615390625 0.8673690281249999 0.7 0.819743109375 0.7096153843749999 0.76923076875 0.7076923078124999 0.6754221390625 0.6884615390625 0.6321258484375 0.628846153125 0.5946023953124999 0.5846153843749999 0.584499928125 0.5682692312500001 0.61769375 0.54423076875 0.668206090625 0.525 0.738923365625 0.5317307687499999 0.8009813828125001 0.5673076921875 0.8991196421875 0.597115384375 0.9265406265625
1 0.5923076921875 0.9525184015624999 0.5682692312500001 0.8991196421875 0.521153846875 0.8529369328125 0.48269230781249994 0.8688122375 0.458653846875 0.91499495 0.44326923125000006 0.9987011109375 0.5884615390625 0.9929282718750001 0.5923076921875 0.9525184015624999
1 0.998076921875 0.9943714828125 1 0.9250974171875 0.9673076921874999 0.84716409375 0.9115384609375001 0.8009813828125001 0.8798076921875 0.7706739796875001 0.8298076921875 0.751912253125 0.7798076921875 0.767787559375 0.746153846875 0.8096406421875001 0.715384615625 0.8976764312500001 0.7076923078124999 0.9525184015624999 0.7192307687499999 1 0.998076921875 0.9943714828125
1 0.8634615390624999 0.62779621875 0.8240384609375001 0.5686246203125 0.79326923125 0.5469764765625 0.766346153125 0.558522153125 0.7634615390625 0.6205801703125 0.773076921875 0.668206090625 0.8067307687499999 0.7216048500000001 0.852884615625 0.694183865625 0.8634615390624999 0.62779621875
1 0.6471153843749999 0.43729253906250004 0.659615384375 0.414201184375 0.6625 0.3810073609375 0.651923078125 0.3680184734375 0.61826923125 0.3680184734375 0.60673076875 0.38245057031249996 0.610576921875 0.419974021875 0.608653846875 0.42286044062499994 0.623076921875 0.4430653765625 0.6471153843749999 0.43729253906250004
1 0.9096153843750001 0.699956703125 0.9173076921875 0.6523307843749999 0.925 0.6306826375 0.910576921875 0.591715975 0.8673076921874999 0.565738203125 0.8509615390624999 0.574397459375 0.8653846156249999 0.6119209125 0.8701923078125 0.6537739921875 0.85576923125 0.695627075 0.8490384609375001 0.7143888015625001 0.864423078125 0.7490258328125 0.8951923078125 0.7576850921875 0.908653846875 0.738923365625 0.9096153843750001 0.699956703125
1 0.8807692312500001 0.5599653625000001 0.9009615390624999 0.5253283296875 0.9173076921875 0.48636166718749996 0.914423078125 0.4690431515625 0.8826923078125001 0.4416221671875 0.8548076921875 0.4416221671875 0.8403846156249999 0.46615673125 0.8451923078125001 0.4993505546875 0.8471153843750001 0.5123394421875 0.864423078125 0.5426468468750001 0.8807692312500001 0.5599653625000001
1 0.8384615390624999 0.5628517828125 0.8625 0.5440900562500001 0.852884615625 0.53110116875 0.8384615390624999 0.5036801843750001 0.8375 0.458940684375 0.8211538468749999 0.44739500625 0.7990384609375 0.4704863625 0.7923076921875001 0.5036801843750001 0.7903846156250001 0.53110116875 0.8134615390625 0.565738203125 0.8384615390624999 0.5628517828125
1 0.7240384609375 0.4127579734375 0.701923078125 0.3723481015625 0.6798076921875 0.38389378125 0.6634615390625 0.42286044062499994 0.6798076921875 0.4430653765625 0.70576923125 0.4675999421875 0.7298076921875001 0.4546110546875 0.7240384609375 0.4127579734375
1 0.764423078125 0.558522153125 0.783653846875 0.5455332671875001 0.7875 0.5209987015624999 0.7826923078125 0.49213450625000005 0.765384615625 0.4690431515625 0.7442307687499999 0.46182710312499997 0.722115384375 0.47337278125 0.7134615390625 0.49357771718750004 0.710576921875 0.5152258625 0.7326923078124999 0.5426468468750001 0.764423078125 0.558522153125
1 0.60576923125 0.5541925234375 0.614423078125 0.5383172171874999 0.6451923078124999 0.522441909375 0.639423078125 0.4979073453125 0.63173076875 0.46327031406249997 0.601923078125 0.453167846875 0.5798076921875001 0.4704863625 0.573076921875 0.49357771718750004 0.5865384609375 0.5209987015624999 0.60576923125 0.5541925234375
1 0.389423078125 0.7143888015625001 0.44134615312500003 0.7461394140625 0.46826923125000003 0.7605715109375 0.491346153125 0.79520854375 0.49519230781249995 0.7533554640625 0.491346153125 0.673978928125 0.489423078125 0.629239428125 0.4673076921875 0.5859431374999999 0.44423076874999995 0.5642949921875 0.40384615312500005 0.5787270875 0.35673076875 0.6119209125 0.340384615625 0.6566604125 0.340384615625 0.6985134937499999 0.34326923125 0.712945590625 0.389423078125 0.7143888015625001
1 0.37788461562500003 0.5902727671875 0.39326923125 0.5455332671875001 0.38173076875 0.49069129843750003 0.364423078125 0.4560542640625 0.3423076921875 0.44739500625 0.31538461562500003 0.457497475 0.2951923078125 0.49069129843750003 0.29230769218749997 0.526771540625 0.2951923078125 0.5599653625000001 0.30961538437499997 0.6047048625 0.3076923078125 0.6075912828125001 0.348076921875 0.6119209125 0.37788461562500003 0.5902727671875