0 0.043417368750000004 0.40616246718750004 0.08683473281250001 0.5308123250000001 0.1918767484375 0.5588235296875 0.28991596406250003 0.6190476203124999 0.41036414531250004 0.6330532203125 0.466386553125 0.59523809375 0.5154061609375 0.5084033609375 0.5490196078125 0.41036414531250004 0.5630252125 0.34453781562499997 0.547619046875 0.23669467812499997 0.5042016828125 0.1918767484375 0.41176470624999995 0.1736694671875 0.3221288515625 0.186274509375 0.1848739484375 0.256302521875 0.0966386546875 0.3053221296875 0.043417368750000004 0.40616246718750004
0 0.6148459374999999 0.736694678125 0.6946778703125001 0.8151260515625 0.7619047609375 0.8627450984375 0.8263305328125 0.8235294124999999 0.8739495796875 0.8039215687500001 0.9061624671875 0.7619047609375 0.921568628125 0.7212885140624999 0.9313725484375001 0.662464984375 0.9369747875 0.59523809375 0.939775909375 0.5462184859375 0.9439775921875 0.4957983171875 0.939775909375 0.455182075 0.9173669453125 0.3907563015625 0.8305322125 0.3333333328125 0.6904761921875 0.3361344546875 0.6330532203125 0.37254902031250003 0.6274509796875 0.3935574234375 0.5770308125 0.462184875 0.5798319328125 0.578431371875 0.5840336125000001 0.6764705875 0.6148459374999999 0.736694678125
0 0.31232492968750003 0.8963585453125 0.3809523796875 0.9425770312499999 0.4341736703125 0.9621848749999999 0.46918767499999997 0.9649859953125001 0.509803921875 0.9341736703124999 0.5280112046875 0.9005602234375001 0.55742296875 0.8291316515625 0.5182072828125001 0.7254901953124999 0.5042016828125 0.7044817921875001 0.45238095312500004 0.662464984375 0.41456582812500004 0.641456584375 0.320728290625 0.661064428125 0.2619047609375 0.7016806703125 0.23809523906250002 0.756302521875 0.2647058828125 0.8305322125 0.31232492968750003 0.8963585453125
0 0.46498599531249996 1 0.45238095312500004 0.9719887953124999 0.3865546234375 0.9621848749999999 0.3263305328125 0.9257703093749999 0.28571428593750003 0.8655462203125 0.2535014 0.8249299718750001 0.1946778703125 0.8529411765624999 0.1470588234375 0.91176470625 0.1372549015625 0.9593837531249999 0.135854340625 1 0.46498599531249996 1
0 0.686274509375 1 0.7016806703125 0.9747899171875 0.715686275 0.932773109375 0.712885153125 0.9047619062500001 0.7072829140625 0.8669467796875001 0.6918767484375 0.838935571875 0.6568627453125 0.7997198859375 0.598039215625 0.7352941171875 0.5518207296875 0.7086834750000001 0.5378151250000001 0.7310924359375 0.56442576875 0.7899159640625 0.55742296875 0.8473389375 0.5350140046875 0.901960784375 0.5070028 0.946778709375 0.47759103593749996 0.9747899171875 0.490196078125 1 0.6596638671874999 1 0.686274509375 1
0 0.7352941171875 0.8907563015625 0.7380952390625 0.9299719874999999 0.7254901953124999 0.9705882359375 0.7254901953124999 0.997198878125 0.8067226906249999 1 0.9033613453125 0.9943977609375001 0.914565828125 0.9845938390625 0.9173669453125 0.952380953125 0.8879551796875 0.8879551796875 0.7997198859375 0.8655462203125 0.75910364375 0.8543417375000001 0.7422969171875 0.8627450984375 0.7352941171875 0.8907563015625
0 0.0924369765625 0.8053221296874999 0.1456582625 0.8403361328125 0.1764705875 0.8431372546875 0.23949579999999998 0.8193277296874999 0.250700278125 0.8095238078125 0.23949579999999998 0.784313725 0.243697478125 0.712885153125 0.256302521875 0.6806722703125 0.250700278125 0.635854340625 0.2254901953125 0.6064425765625 0.19607843125 0.6092436984375 0.1400560234375 0.6400560234375 0.1120448203125 0.6918767484375 0.091036415625 0.7619047609375 0.0924369765625 0.8053221296874999
0 0.0042016828125 0.9887955171874999 0.0182072828125 0.9943977609375001 0.06442576875 0.997198878125 0.1064425765625 0.9943977609375001 0.12885154062499998 0.9943977609375001 0.13165266250000002 0.9929971999999999 0.1302521015625 0.955182075 0.141456584375 0.9005602234375001 0.12324929843750002 0.8823529406249999 0.0826330546875 0.9075630234375 0.05042016875000001 0.9299719874999999 0.0154061609375 0.9705882359375 0.0042016828125 0.9887955171874999
0 0.0294117640625 0.9369747875 0.05042016875000001 0.9089635843750001 0.0938375328125 0.864145659375 0.0924369765625 0.851540615625 0.0728291328125 0.8123249296875 0.044817924999999995 0.76610644375 0 0.7521008390625 0.002801121875 0.966386553125 0.01260504375 0.9649859953125001 0.0294117640625 0.9369747875
0 0.047619046875 0.553221290625 0.021008404687500003 0.5364145640625 0 0.5224089640625 0.0042016828125 0.7254901953124999 0.030812325 0.6890756312499999 0.060224090625000004 0.661064428125 0.078431371875 0.6400560234375 0.06722689062500001 0.58823529375 0.047619046875 0.553221290625
0 0 0.3025210078125 0.007002800000000001 0.3165266125 0.037815125 0.331932771875 0.0728291328125 0.3361344546875 0.09523809375 0.3025210078125 0.15126050625 0.2464986 0.1120448203125 0.198879553125 0.0588235296875 0.1694677875 0.021008404687500003 0.1638655453125 0 0.161064428125 0 0.3025210078125
0 0 0.46918767499999997 0.0014005609375 0.509803921875 0.0420168078125 0.516806721875 0.0616246515625 0.4929972 0.071428571875 0.4705882359375 0.0490196078125 0.4159663875 0.06582632968749999 0.364145659375 0.0770308125 0.3431372546875 0.002801121875 0.320728290625 0 0.4005602234375 0 0.46918767499999997
0 0.2478991609375 0.2002801140625 0.291316525 0.175070028125 0.313725490625 0.1596638671875 0.2983193296875 0.12885154062499998 0.26610644375 0.0994397765625 0.2282913171875 0.09523809375 0.179271709375 0.121848740625 0.141456584375 0.1918767484375 0.15126050625 0.215686275 0.18907563125 0.23529411718749998 0.2478991609375 0.2002801140625
0 0.047619046875 0.032212885937500005 0.016806721875 0.0840336125 0.0056022390625 0.12885154062499998 0.0182072828125 0.15826330625 0.0966386546875 0.1736694671875 0.135854340625 0.16526610625 0.1526610625 0.110644259375 0.1442577015625 0.0826330546875 0.09523809375 0.0462184859375 0.047619046875 0.032212885937500005
0 0.41456582812500004 0.1596638671875 0.4537815140625 0.110644259375 0.48179271718749994 0.0462184859375 0.44957983125 0.007002800000000001 0.3669467796875 0 0.3165266125 0.0056022390625 0.277310925 0.0770308125 0.3291316515625 0.11624649843749998 0.35434173750000003 0.1470588234375 0.41456582812500004 0.1596638671875
0 0.277310925 0.0042016828125 0.1036414546875 0 0.0994397765625 0.0154061609375 0.10084033750000002 0.047619046875 0.21148459218750001 0.07983193281249999 0.23949579999999998 0.0686274515625 0.2815126046875 0.040616246875 0.277310925 0.0042016828125
0 0.5140056046875 0.06722689062500001 0.47198879531250004 0.09523809375 0.44397759218750005 0.1372549015625 0.6092436984375 0.0924369765625 0.5756302515625 0.0700280125 0.5140056046875 0.06722689062500001
0 0.693277309375 0.28571428593750003 0.7899159640625 0.28851540781249996 0.8473389375 0.2829131640625 0.8529411765624999 0.2521008390625 0.8697478984375 0.2044817921875 0.8725490203125 0.1876750703125 0.6736694671875 0.2577030828125 0.693277309375 0.28571428593750003