0 0 0.886111109375 0.009259259374999999 0.863888890625 0.0509259265625 0.823611109375 0.065740740625 0.790277778125 0.059259259375 0.7555555546875 0.040740740625 0.6930555546875 0.0194444453125 0.6583333328125 0 0.636111109375 0 0.886111109375
0 0.11851851875 0.601388890625 0.1370370359375 0.638888890625 0.1611111109375 0.659722221875 0.2194444453125 0.6444444453125 0.2620370359375 0.6444444453125 0.27870370312500004 0.6375 0.2916666671875 0.623611109375 0.2953703703125 0.613888890625 0.3055555546875 0.5625 0.3083333328125 0.5333333328125 0.2768518515625 0.48055555468750005 0.24722222187499998 0.42222222187499997 0.21851851875 0.3819444453125 0.19259259374999999 0.3791666671875 0.164814815625 0.413888890625 0.1361111109375 0.4791666671875 0.11759259375 0.5430555546875 0.11851851875 0.601388890625
0 0.27777777812500004 0.45694444531249995 0.321296296875 0.5125 0.309259259375 0.563888890625 0.3055555546875 0.6125 0.33240740625 0.588888890625 0.3629629640625 0.5541666671875001 0.371296296875 0.5 0.3509259265625 0.45277777812500003 0.321296296875 0.427777778125 0.2694444453125 0.401388890625 0.2305555546875 0.376388890625 0.239814815625 0.40416666718750005 0.27777777812500004 0.45694444531249995
0 0 0.8930555546875001 0.0018518515625 0.9986111093750001 0.2018518515625 1 0.209259259375 0.9680555546875 0.1879629640625 0.9166666671874999 0.16851851874999998 0.8805555546875 0.15370370312499998 0.8458333328125001 0.13888888906250002 0.8208333328125 0.102777778125 0.8041666671875 0.0805555546875 0.7958333328125 0.039814815625 0.8513888906249999 0 0.8930555546875001
0 0.19351851874999998 0.909722221875 0.21203703593749998 0.948611109375 0.21574074062499998 0.9958333328125001 0.23611111093749998 0.997222221875 0.2731481484375 0.975 0.29907407343750003 0.8944444453125 0.29814814843750004 0.8125 0.290740740625 0.7444444453125 0.259259259375 0.702777778125 0.23611111093749998 0.6680555546875 0.1805555546875 0.659722221875 0.15 0.6777777781250001 0.127777778125 0.7166666671875 0.11851851875 0.7708333328125 0.1481481484375 0.8138888906249999 0.1694444453125 0.8625 0.19351851874999998 0.909722221875
0 0.3138888890625 0.8944444453125 0.3305555546875 0.9541666671875 0.36851851875 0.9763888906249999 0.40555555468750004 0.9902777781250001 0.44166666718750003 0.9861111093750001 0.4768518515625 0.9583333328125001 0.502777778125 0.8944444453125 0.503703703125 0.825 0.48240740625 0.7416666671875001 0.46018518437499994 0.672222221875 0.43240740625 0.622222221875 0.384259259375 0.6041666671875 0.3490740734375 0.625 0.3231481484375 0.690277778125 0.3083333328125 0.772222221875 0.3046296296875 0.8222222218749999 0.3138888890625 0.8944444453125
0 0.5194444453125 0.9361111093750001 0.5518518515624999 0.9763888906249999 0.61759259375 0.9736111093750001 0.6370370359375 0.965277778125 0.6740740734374999 0.9125 0.6796296296875 0.863888890625 0.685185184375 0.8 0.63240740625 0.7041666671875 0.5731481484375001 0.6819444453125 0.5333333328125 0.736111109375 0.5018518515625 0.7916666671875 0.497222221875 0.863888890625 0.5194444453125 0.9361111093750001
0 0.475 0.675 0.48148148125 0.7375 0.5018518515625 0.7708333328125 0.522222221875 0.738888890625 0.5379629640625 0.690277778125 0.5379629640625 0.6430555546875001 0.5287037031249999 0.5680555546875 0.5 0.525 0.46481481562500004 0.523611109375 0.43703703593750004 0.5708333328124999 0.43333333281249997 0.601388890625 0.44907407343749994 0.6305555546875 0.475 0.675
0 0.63240740625 0.698611109375 0.6833333328125 0.6694444453124999 0.7212962968750001 0.6208333328125 0.6925925937499999 0.5319444453125 0.6703703703125 0.461111109375 0.6351851843749999 0.425 0.5805555546875001 0.401388890625 0.5527777781250001 0.40833333281249995 0.5361111109375 0.436111109375 0.5203703703125 0.497222221875 0.525 0.5444444453124999 0.5416666671875 0.6444444453125 0.5453703703125 0.640277778125 0.5694444453124999 0.675 0.63240740625 0.698611109375
0 0.6833333328125 0.863888890625 0.6824074062500001 0.9180555546875 0.703703703125 0.9319444453125 0.728703703125 0.926388890625 0.7796296296875 0.9 0.803703703125 0.8541666671874999 0.821296296875 0.8055555546875001 0.809259259375 0.738888890625 0.784259259375 0.6694444453124999 0.7370370359375 0.6305555546875 0.689814815625 0.65 0.675 0.7 0.665740740625 0.7375 0.684259259375 0.7791666671875 0.6833333328125 0.863888890625
0 0.828703703125 0.7819444453125 0.827777778125 0.825 0.835185184375 0.8513888906249999 0.8509259265625 0.85 0.9009259265624999 0.8305555546875001 0.9259259265625 0.7569444453124999 0.915740740625 0.7125 0.9083333328125001 0.6569444453125 0.8898148156250001 0.6069444453124999 0.8555555546875 0.565277778125 0.825 0.559722221875 0.803703703125 0.588888890625 0.7870370359375001 0.640277778125 0.7981481484375 0.6625 0.815740740625 0.727777778125 0.828703703125 0.7819444453125
0 0.7481481484375 0.523611109375 0.785185184375 0.5430555546875 0.81851851875 0.5125 0.839814815625 0.434722221875 0.8296296296874999 0.3444444453125 0.8009259265625 0.3083333328125 0.753703703125 0.3319444453125 0.727777778125 0.40277777812500004 0.7138888890625 0.41944444531249997 0.7120370359375 0.497222221875 0.7481481484375 0.523611109375
0 0.61851851875 0.40972222187499996 0.640740740625 0.41805555468750005 0.6666666671875 0.4375 0.68148148125 0.48472222187499997 0.7083333328125 0.498611109375 0.709259259375 0.48194444531249997 0.7009259265625001 0.436111109375 0.6870370359375 0.377777778125 0.6629629640625 0.32083333281250004 0.61759259375 0.3166666671875 0.5935185187500001 0.336111109375 0.577777778125 0.363888890625 0.5666666671875 0.388888890625 0.5879629640624999 0.398611109375 0.61851851875 0.40972222187499996
0 0.79259259375 0.298611109375 0.81851851875 0.3180555546875 0.8231481484375 0.326388890625 0.83148148125 0.3430555546875 0.8481481484375 0.3708333328125 0.8574074062499999 0.361111109375 0.8611111109375 0.326388890625 0.8490740734375001 0.23472222187499997 0.8166666671874999 0.17916666718750002 0.7833333328125 0.165277778125 0.7518518515625 0.2055555546875 0.7351851843749999 0.2444444453125 0.7333333328125 0.3583333328125 0.747222221875 0.3375 0.7694444453125 0.3083333328125 0.79259259375 0.298611109375
0 0.9759259265625 0.302777778125 0.960185184375 0.263888890625 0.94259259375 0.24722222187499998 0.9166666671874999 0.226388890625 0.8990740734375 0.215277778125 0.8861111109375001 0.211111109375 0.8694444453125 0.20972222187499998 0.853703703125 0.2416666671875 0.8509259265625 0.326388890625 0.8666666671875 0.3569444453125 0.8796296296874999 0.375 0.922222221875 0.3680555546875 0.960185184375 0.3583333328125 0.984259259375 0.3458333328125 0.9759259265625 0.302777778125
0 0.9888888890624999 0.46944444531249996 0.953703703125 0.501388890625 0.9259259265625 0.5430555546875 0.9064814812499999 0.597222221875 0.928703703125 0.7180555546875 0.9546296296874999 0.7569444453124999 1 0.784722221875 0.9981481484374999 0.46527777812500004 0.9888888890624999 0.46944444531249996