1 0.2549019625 0.22875816875 0.2577030828125 0.1705029859375 0.24276377187499998 0.133560671875 0.198879553125 0.11793123125 0.15312791718750002 0.19892015000000002 0.1596638671875 0.2955385078125 0.2194211015625 0.3168513765625 0.2549019625 0.22875816875
1 0.30905695624999996 0.52571753125 0.377217553125 0.5186132421874999 0.435107378125 0.46035805781250005 0.42670401562500004 0.375106565625 0.366946778125 0.302642796875 0.2773109234375 0.2784882078125 0.23716152968749998 0.3637397 0.2577030828125 0.475987496875 0.256769375 0.46177891249999997 0.270774978125 0.49730036718750004 0.30905695624999996 0.52571753125
1 0.2978524734375 0.6606990625 0.29691876875 0.552713840625 0.23249299687499997 0.4560954828125 0.15499532968750002 0.413469734375 0.0989729234375 0.4504120484375 0.0774976671875 0.4560954828125 0.068160596875 0.591077009375 0.1456582640625 0.7104291015624999 0.21661998124999998 0.72890025625 0.2978524734375 0.6606990625
1 0.517273575 0.3992611546875 0.5919701203125001 0.35521455 0.5929038281250001 0.3353225359375 0.541549953125 0.294117646875 0.48085900937500003 0.2784882078125 0.44257703125000003 0.3424268265625 0.42390289531249997 0.484512646875 0.45098039375 0.5285592515624999 0.4621848734375 0.4916169375 0.517273575 0.3992611546875
1 0.5322128859374999 0.6436487640624999 0.55742296875 0.6450696234375 0.563025209375 0.5924978703125 0.613445378125 0.5058255171875 0.6704014953125 0.46177891249999997 0.6778711484375 0.44472861874999997 0.6601307171874999 0.3921568640625 0.605042015625 0.359477125 0.5322128859374999 0.3907360046875 0.48272642499999996 0.4475703328125 0.458450046875 0.55129298125 0.466853409375 0.586814434375 0.49766573281250004 0.6209150343750001 0.5322128859374999 0.6436487640624999
1 0.653594771875 0.832622903125 0.6722689078124999 0.7601591359375 0.7021475265625 0.6862745125 0.7740429484375 0.6379653328125 0.8860877687500001 0.5640807046874999 0.8655462187499999 0.5242966765625 0.8001867421875 0.5001420875 0.7254901968749999 0.4674623484375 0.6442577015625 0.484512646875 0.5938375359375 0.54703040625 0.5583566765625 0.6294401828125 0.5742296921875 0.734583690625 0.5919701203125001 0.7885763 0.6442577015625 0.8866155171875001 0.653594771875 0.832622903125
1 0.921568628125 0.5456095453125 0.789915965625 0.642227903125 0.707749765625 0.7004830921874999 0.661064425 0.8127308890625 0.6582633046875 0.9960215984375 0.9981325875 0.9988633140625 0.9971988796875 0.5413469765625 0.921568628125 0.5456095453125
1 0.5200746953125 0.9931798796875 0.5555555562500001 0.9633418593749999 0.643323996875 0.9434498453125 0.6405228765625 0.89371980625 0.5966386546875 0.794259734375 0.5686274515624999 0.6621199234375 0.45658263125 0.625177609375 0.3436041078125 0.6763285031249999 0.29505135312499997 0.8056265984375001 0.29505135312499997 0.960500140625 0.3473389359375 1 0.47432306406249997 0.9818130140625 0.5200746953125 0.9931798796875
1 0.28758169843750003 0.775788575 0.3370681625 0.6891162265624999 0.40709617187499997 0.6308610390625 0.48085900937500003 0.6237567484375 0.440709615625 0.5924978703125 0.3361344546875 0.6209150343750001 0.2819794578125 0.70332480625 0.2549019625 0.8070474593749999 0.26890756250000003 0.9136118218749999 0.2698412703125 0.9036658171875 0.2670401484375 0.8908780921874999 0.28758169843750003 0.775788575
1 0.198879553125 1 0.2614379078125 0.8795112265625 0.2278244640625 0.785734584375 0.180205415625 0.772946859375 0.028011203125000002 0.8496732031249999 0 0.883773796875 0.005602240624999999 0.9988633140625 0.198879553125 1
1 0 0.7885763 0.16059757187499998 0.73316283125 0.0606909421875 0.6194941734375 0 0.6905370828125 0 0.7885763
1 0.72175536875 0.44472861874999997 0.789915965625 0.48593350312499994 0.8590102703125 0.5171923859375 0.9271708703125 0.5370844015625 0.996265171875 0.5001420875 1 0.43336174843749997 0.9981325875 0.3012219375 0.95144724375 0.186132425 0.8860877687500001 0.11082693749999999 0.7422969171875 0.1065643671875 0.6806722703125 0.190395 0.6339869265625 0.294117646875 0.647058821875 0.33816425156249996 0.6769374406249999 0.3949985796875 0.72175536875 0.44472861874999997