1 0.12626262500000002 0.765625 0.098484846875 0.6491477265625 0.03030303125 0.5639204546875 0.0075757578125 0.8110795453125 0.050505049999999996 0.8295454546875 0.12626262500000002 0.765625
1 0.08333333281250001 0.5667613640625 0.121212121875 0.6150568187500001 0.20454545624999998 0.6377840906250001 0.378787878125 0.5823863640625 0.40909090781249996 0.465909090625 0.2121212109375 0.45454545468749996 0.19949495 0.455965909375 0.121212121875 0.49573863593749995 0.08333333281250001 0.5667613640625
1 0.47222222187499996 0.30255681874999996 0.37626262499999996 0.25142045468749996 0.27777777812500004 0.265625 0.2323232328125 0.31107954531250004 0.27777777812500004 0.39346590937500003 0.323232321875 0.41477272656249997 0.47979798125000006 0.38068181874999996 0.47222222187499996 0.30255681874999996
1 0 0.38494318125000004 0.1843434328125 0.41619318125 0.1893939390625 0.39204545468749996 0.227272728125 0.35085227343750003 0.20454545624999998 0.30539772656249997 0.1363636359375 0.265625 0.0025252531250000002 0.25994318125000004 0 0.28125 0 0.38494318125000004
1 0.0050505062500000005 0.5383522734375 0.04545454375 0.53125 0.103535353125 0.49857954531250004 0.1363636359375 0.43181818125 0.0378787890625 0.39772727343750003 0.0151515140625 0.40198863593749995 0 0.453125 0.0050505062500000005 0.5383522734375
1 0.20202020312500002 0.28125 0.20202020312500002 0.24431818125000002 0.1338383828125 0.20880681874999998 0.047979796875 0.247159090625 0.050505049999999996 0.25 0.14141414218749998 0.27130681874999996 0.20202020312500002 0.28125
1 0.227272728125 0.1321022734375 0.123737375 0.1207386359375 0.07323232187499999 0.1519886359375 0.0858585859375 0.1946022734375 0.13888888906250002 0.2073863640625 0.2676767671875 0.17471590937499998 0.227272728125 0.1321022734375
1 0.38131313125 0.24005681874999998 0.40909090781249996 0.2116477265625 0.33080808125 0.1803977265625 0.24242424218749997 0.17755681875 0.2121212109375 0.215909090625 0.21969696875000003 0.25284090937500003 0.23737373593750002 0.26704545468749996 0.30050505 0.25994318125000004 0.38131313125 0.24005681874999998
1 0.4166666671875 0.20880681874999998 0.44949494999999995 0.15482954531249998 0.43181818125 0.11505681875 0.3333333328125 0.08806818125 0.27777777812500004 0.0980113640625 0.2929292921875 0.1477272734375 0.34848484687500003 0.1647727265625 0.38131313125 0.1946022734375 0.4166666671875 0.20880681874999998
1 0.41161616093750003 0.059659090625 0.4419191921875 0.0142045453125 0.3611111109375 0.0014204546874999999 0.2828282828125 0.0056818187499999995 0.27777777812500004 0.034090909375 0.3358585859375 0.046875 0.371212121875 0.06392045468749999 0.41161616093750003 0.059659090625
1 0.37626262499999996 0.0852272734375 0.325757575 0.051136364062499995 0.30050505 0.0397727265625 0.25505050625000003 0.05255681875 0.227272728125 0.10369318125 0.25505050625000003 0.11221590937499999 0.325757575 0.0823863640625 0.37626262499999996 0.0852272734375
1 0.5328282828125 0.08806818125 0.58080808125 0.07670454531250001 0.5606060609375 0.05255681875 0.522727271875 0.0355113640625 0.45454545625 0.0397727265625 0.41919191875 0.049715909375 0.4368686859375 0.0866477265625 0.4393939390625 0.0866477265625 0.4924242421875 0.0866477265625 0.5328282828125 0.08806818125
1 0.5656565671875 0.1235795453125 0.5328282828125 0.0980113640625 0.46212121093749997 0.0866477265625 0.41919191875 0.10369318125 0.4646464640625 0.14204545468750002 0.4823232328125 0.1448863640625 0.553030303125 0.1448863640625 0.5656565671875 0.1235795453125
1 0.5580808078125 0.22443181874999998 0.59343434375 0.2045454546875 0.5909090921875 0.1832386359375 0.5176767671875 0.1519886359375 0.44444444375 0.15340909062500002 0.4368686859375 0.17755681875 0.49494949374999997 0.2201704546875 0.49747474687500004 0.2201704546875 0.5176767671875 0.2272727265625 0.5580808078125 0.22443181874999998
1 0.6919191921875 0.32244318125000004 0.64393939375 0.265625 0.5883838390625 0.237215909375 0.5631313140625 0.2329545453125 0.49494949374999997 0.2457386359375 0.5126262640625 0.2428977265625 0.49494949374999997 0.29829545468749996 0.547979796875 0.375 0.6590909078125 0.375 0.6919191921875 0.32244318125000004
1 0.6767676781249999 0.6107954546875 0.6818181812499999 0.5056818187500001 0.598484846875 0.44176136406250005 0.46212121093749997 0.42897727343750003 0.4141414140625 0.44460227343750003 0.40151515312499997 0.5014204546875 0.42676767812499994 0.5909090906250001 0.553030303125 0.6377840906250001 0.6767676781249999 0.6107954546875
1 0.88131313125 0.5866477265625 0.9419191921875001 0.5482954546875 0.9393939390625 0.47443181875 0.871212121875 0.42613636406250005 0.775252525 0.40767045468749996 0.70454545625 0.434659090625 0.702020203125 0.484375 0.69949495 0.5482954546875 0.777777778125 0.59375 0.88131313125 0.5866477265625
1 0.9242424249999999 0.8295454546875 0.83080808125 0.8778409093749999 0.7121212109374999 0.8977272734374999 0.8358585859375 0.9261363640625 0.9368686859375 0.9559659093749999 1 0.9772727265625001 0.9974747468749999 0.8877840906250001 0.9924242421875 0.6931818187500001 0.8055555562500001 0.6832386359375 0.7373737359375 0.6946022734375 0.654040403125 0.7670454546875 0.64393939375 0.8053977265625001 0.69949495 0.8352272734374999 0.9242424249999999 0.8295454546875
1 0.8989898999999999 0.36931818125000004 0.8636363640625 0.29545454531250004 0.7828282828125 0.27414772656249997 0.7424242421875 0.27130681874999996 0.67929293125 0.34517045468749996 0.8106060609375 0.41193181875 0.878787878125 0.41761363593749995 0.8989898999999999 0.36931818125000004
1 0.9242424249999999 0.265625 0.8510101000000001 0.18181818125 0.797979796875 0.14630681875 0.7297979812500001 0.18465909062500002 0.7171717171875 0.2329545453125 0.752525253125 0.25568181874999996 0.81818181875 0.27414772656249997 0.904040403125 0.27272727343750003 0.9242424249999999 0.265625
1 0.7651515140625 0.1235795453125 0.6616161609375 0.10369318125 0.6161616171875 0.1164772734375 0.6035353531250001 0.15909090937499998 0.674242425 0.19744318125 0.66919191875 0.19318181875 0.79545454375 0.15056818125 0.7651515140625 0.1235795453125
1 0.7601010109375 0.1051136359375 0.7171717171875 0.0667613640625 0.6237373749999999 0.058238635937500005 0.5858585859375001 0.0823863640625 0.5909090921875 0.1207386359375 0.61868686875 0.1136363640625 0.6944444437499999 0.1164772734375 0.7601010109375 0.1051136359375
1 0.901515153125 0.2045454546875 0.97979798125 0.1832386359375 0.9873737359374999 0.0894886359375 0.9090909078125 0.051136364062499995 0.803030303125 0.058238635937500005 0.828282828125 0.1079545453125 0.8333333328125001 0.0980113640625 0.8358585859375 0.14204545468750002 0.901515153125 0.2045454546875
1 0.904040403125 0.25852272656249997 0.8636363640625 0.31960227343750003 0.9166666671874999 0.36647727343750003 0.9873737359374999 0.40767045468749996 0.9924242421875 0.40056818125 0.9898989890625 0.26420454531250004 0.904040403125 0.25852272656249997
1 0.7878787890625001 0.009943181249999999 0.7575757578125 0 0.70454545625 0.02130681875 0.70454545625 0.053977273437499994 0.7373737359375 0.07670454531250001 0.79545454375 0.08806818125 0.8409090921875 0.05255681875 0.7878787890625001 0.009943181249999999
1 0.674242425 0.0142045453125 0.6262626250000001 0 0.5631313140625 0.0014204546874999999 0.53030303125 0.0397727265625 0.5833333328125 0.07244318125 0.60606060625 0.059659090625 0.6868686859375 0.0383522734375 0.674242425 0.0142045453125