2 0.21826087031250002 0.916794 0.2521739140625 0.900125015625 0.2643478265625 0.848728990625 0.260869565625 0.7667731625 0.2026086953125 0.715377134375 0.16086956562500002 0.7070426453125 0.086956521875 0.6945409078125 0.063478259375 0.741769690625 0.04956521875 0.8042783703125 0.060869565625 0.8473399078125 0.076521740625 0.8667870546875 0.11043478124999999 0.9042922624999999 0.13999999999999999 0.923739409375 0.17652174062499998 0.9334629812499999 0.21826087031250002 0.916794
2 0.26 0.679261009375 0.2721739140625 0.637588553125 0.2721739140625 0.6153632453125 0.2486956515625 0.58480344375 0.233043478125 0.5611890546875 0.1852173921875 0.5653563 0.156521740625 0.601472428125 0.15304347812500002 0.652868453125 0.15913043437500002 0.67370468125 0.20347825937500003 0.7042644828125 0.2043478265625 0.698708153125 0.23913043437499998 0.701486315625 0.26 0.679261009375
2 0.23739130468749997 0.747326015625 0.2486956515625 0.78066398125 0.26695652187499996 0.82650368125 0.2826086953125 0.864008890625 0.286956521875 0.8792887890625 0.313043478125 0.8973468531250001 0.34608695625 0.88762328125 0.3582608703125 0.8459508281250001 0.343478259375 0.773718571875 0.3156521734375 0.757049590625 0.2721739140625 0.725100709375 0.25391304375 0.7098208078125 0.23739130468749997 0.7195443796875 0.23739130468749997 0.747326015625
2 0.3452173921875 0.7487150984375 0.35130434843749997 0.7167662171875 0.3582608703125 0.652868453125 0.34695652187500003 0.604250590625 0.3182608703125 0.572301709375 0.2852173921875 0.569523546875 0.2582608703125 0.58202528125 0.26 0.6223086546875 0.26695652187499996 0.6598138625 0.27391304375000003 0.67648284375 0.293043478125 0.7195443796875 0.306956521875 0.7334351984375 0.3182608703125 0.74038060625 0.3452173921875 0.7487150984375
2 0.4278260859375 0.6292540640625 0.420869565625 0.5611890546875 0.416521740625 0.4667314921875 0.3973913046875 0.438949853125 0.3556521734375 0.436171690625 0.340869565625 0.4722878171875 0.333043478125 0.5320183359375 0.3426086953125 0.6125850796875 0.3686956515625 0.662592025 0.40695652187500003 0.69176274375 0.4313043484375 0.68898458125 0.4278260859375 0.6292540640625
2 0.48086956562500005 0.9015140984375 0.5113043484375 0.9501319609375001 0.5252173921875001 0.9723572718750001 0.5547826078125 0.9570773703125001 0.5652173921875 0.9320738984375 0.5747826078125 0.894568690625 0.579130434375 0.848728990625 0.56608695625 0.7917766359375 0.54956521875 0.754271428125 0.5226086953125 0.7237116265625 0.4947826078125 0.715377134375 0.486956521875 0.711209890625 0.4478260859375 0.7334351984375 0.43043478124999995 0.7945547984375 0.43043478124999995 0.8473399078125 0.44869565156249996 0.8737324624999999 0.48086956562500005 0.9015140984375
2 0.479130434375 0.6514793703125 0.4982608703125 0.6292540640625 0.4982608703125 0.58480344375 0.48 0.5514654828125 0.459130434375 0.516738434375 0.42956521875 0.4959022078125 0.4278260859375 0.543130990625 0.4426086953125 0.6098069171875 0.453043478125 0.64314488125 0.4643478265625 0.6570357 0.479130434375 0.6514793703125
2 0.523478259375 0.4097791375 0.496521740625 0.373663009375 0.46260869531250004 0.40422280781250003 0.4243478265625 0.416724546875 0.41043478125000005 0.42922628124999995 0.41130434843749997 0.4528406703125 0.42695652187500005 0.4695096546875 0.46173912968749997 0.4931240453125 0.4956521734375 0.46256424531249996 0.50608695625 0.44172801875 0.523478259375 0.4097791375
2 0.5826086953125 0.6028615078125 0.6017391296875 0.6250868171875 0.6330434781250001 0.6292540640625 0.65043478125 0.6098069171875 0.6495652187500001 0.59452701875 0.6286956515625 0.5528545625 0.6043478265625 0.5056257828125 0.576521740625 0.48756771875 0.513043478125 0.4986803734375 0.5095652187499999 0.53340741875 0.5313043484375 0.572301709375 0.54608695625 0.572301709375 0.5721739140625 0.58480344375 0.5826086953125 0.6028615078125
2 0.606956521875 0.7528823453125 0.62 0.7195443796875 0.62 0.6875954984375 0.6017391296875 0.6445339609375 0.5886956515625 0.6056396703125 0.5686956515625 0.58480344375 0.536521740625 0.5834143640625 0.4956521734375 0.611196 0.4878260859375 0.652868453125 0.500869565625 0.693151828125 0.5547826078125 0.74038060625 0.5556521734375 0.7487150984375 0.5747826078125 0.7612168375 0.606956521875 0.7528823453125
2 0.6104347812500001 0.7876093890625 0.6121739140625 0.8015002078125001 0.616521740625 0.8306709265625001 0.62608695625 0.8570634828125 0.6417391296875 0.8667870546875 0.66608695625 0.8723433796875 0.686956521875 0.8792887890625 0.70956521875 0.8570634828125 0.7026086953124999 0.8292818437499999 0.6860869562499999 0.7917766359375 0.6547826078125001 0.7459369359375 0.6443478265625 0.754271428125 0.6269565218750001 0.770940409375 0.6104347812500001 0.7876093890625
2 0.6121739140625 0.666759271875 0.6173913046874999 0.698708153125 0.6226086953125 0.727878871875 0.6321739140625 0.7431587734375 0.6513043484375001 0.74038060625 0.6765217406249999 0.7181553 0.6756521734375001 0.67648284375 0.6478260859375 0.6320322265625 0.6269565218750001 0.647312128125 0.6182608703125 0.6487012078125 0.6121739140625 0.666759271875
2 0.6573913046875 0.53618558125 0.7147826078125 0.5320183359375 0.7113043484375 0.47506598125000005 0.699130434375 0.43200444375 0.6695652187500001 0.4014446453125 0.6226086953125 0.4083900546875 0.6052173921875 0.43200444375 0.606956521875 0.468120571875 0.6321739140625 0.5014585375 0.6330434781250001 0.4931240453125 0.6547826078125001 0.5320183359375 0.6573913046875 0.53618558125
2 0.6243478265625 0.5181275171874999 0.5973913046875 0.511182109375 0.6104347812500001 0.526462009375 0.64 0.5445200734375 0.6495652187500001 0.569523546875 0.6521739140625 0.618141409375 0.666956521875 0.6417557984375 0.6973913046875 0.6223086546875 0.6747826078125 0.5667453796874999 0.679130434375 0.5570218078125 0.65043478125 0.5445200734375 0.6243478265625 0.5181275171874999
2 0.6678260859375 0.652868453125 0.6756521734375001 0.6556466171875 0.67391304375 0.7195443796875 0.6773913046875 0.747326015625 0.6817391296875 0.7514932625 0.7 0.754271428125 0.7173913046875 0.7487150984375 0.72956521875 0.7098208078125 0.7139130437500001 0.6750937640625 0.6913043484375 0.6417557984375 0.6939130437500001 0.6417557984375 0.6947826078125 0.633421309375 0.6678260859375 0.652868453125
2 0.699130434375 0.7973329609375 0.70956521875 0.82650368125 0.72956521875 0.8306709265625001 0.7617391296875 0.8376163359375 0.7713043484375001 0.8126128625 0.7652173921875 0.776496734375 0.7373913046875 0.7514932625 0.716521740625 0.7292679546875 0.70608695625 0.7612168375 0.699130434375 0.7973329609375
2 0.7695652187500001 0.8015002078125001 0.780869565625 0.82650368125 0.8052173921874999 0.8445617437499999 0.8304347812499999 0.82650368125 0.8243478265625 0.78066398125 0.81043478125 0.7487150984375 0.760869565625 0.7237116265625 0.743478259375 0.744547853125 0.75043478125 0.757049590625 0.7695652187500001 0.8015002078125001
2 0.7043478265625 0.6542575375 0.7052173921875 0.662592025 0.7086956515625 0.679261009375 0.7208695656249999 0.7028754 0.72956521875 0.7098208078125 0.7426086953125 0.7070426453125 0.7713043484375001 0.698708153125 0.7617391296875 0.663981109375 0.7426086953125 0.6348103890625 0.72956521875 0.6292540640625 0.7086956515625 0.64314488125 0.7043478265625 0.6542575375
2 0.6878260859374999 0.545909153125 0.679130434375 0.5611890546875 0.683478259375 0.5973051828125 0.6973913046875 0.618141409375 0.71043478125 0.623697734375 0.7486956515625 0.6084178375 0.756521740625 0.559799971875 0.740869565625 0.5292401718749999 0.7426086953125 0.5250729265625 0.7208695656249999 0.526462009375 0.6878260859374999 0.545909153125
2 0.540869565625 0.438949853125 0.5721739140625 0.465342409375 0.596521740625 0.49729129062500005 0.6008695656249999 0.465342409375 0.5817391296875 0.41116821718749996 0.5521739140624999 0.40422280781250003 0.5286956515625 0.4014446453125 0.52608695625 0.436171690625 0.540869565625 0.438949853125
2 0.6086956515625 0.43339352656249996 0.6321739140625 0.41116821718749996 0.6626086953125 0.3972774 0.6434782593749999 0.3792193359375 0.6113043484375 0.3792193359375 0.5913043484375 0.40005556249999996 0.5878260859375 0.419502709375 0.5973913046875 0.4458952625 0.6086956515625 0.43339352656249996
2 0.673043478125 0.38060841875 0.6956521734375001 0.36810668125 0.6921739140625001 0.3333796359375 0.6826086953125 0.3194888171875 0.6530434781250001 0.3139324921875 0.6347826078125001 0.347270453125 0.6321739140625 0.370884846875 0.6382608703125 0.38338658125 0.6643478265625 0.3944992359375 0.673043478125 0.38060841875
2 0.78 0.39588831562500004 0.7913043484375 0.3542158625 0.776521740625 0.3333796359375 0.7547826078125001 0.32226698125 0.72608695625 0.3097652453125 0.7026086953124999 0.32226698125 0.719130434375 0.358383109375 0.74 0.3750520890625 0.74608695625 0.376441171875 0.78 0.39588831562500004
2 0.6695652187500001 0.4014446453125 0.673043478125 0.40700097187499995 0.6956521734375001 0.4236699546875 0.7139130437500001 0.419502709375 0.739130434375 0.43200444375 0.75391304375 0.416724546875 0.7417391296875 0.3847756640625 0.7217391296875 0.358383109375 0.699130434375 0.34588137343750003 0.6939130437500001 0.3514377 0.6695652187500001 0.3847756640625 0.6695652187500001 0.4014446453125
2 0.7313043484375 0.38060841875 0.7478260859375 0.42228087187499996 0.75391304375 0.43478261093750004 0.76 0.44033893593749995 0.8095652187500001 0.46256424531249996 0.8217391296875001 0.4556188375 0.8226086953125 0.4236699546875 0.8 0.39172107343749996 0.78956521875 0.376441171875 0.760869565625 0.387553828125 0.7313043484375 0.38060841875
2 0.8391304343750001 0.40422280781250003 0.8573913046875001 0.42644811875000005 0.8643478265625 0.42644811875000005 0.8686956515625001 0.40700097187499995 0.8426086953124999 0.358383109375 0.80608695625 0.3653285171875 0.8113043484375 0.39172107343749996 0.8286956515625 0.387553828125 0.8391304343750001 0.40422280781250003
2 0.7652173921875 0.500069453125 0.726956521875 0.5070148624999999 0.74 0.5320183359375 0.759130434375 0.5764689546875 0.77043478125 0.6084178375 0.7878260859374999 0.57924711875 0.7947826078125 0.5292401718749999 0.78 0.500069453125 0.7652173921875 0.500069453125
2 0.760869565625 0.6417557984375 0.7817391296875 0.6556466171875 0.773043478125 0.6973190734375 0.7826086953125 0.715377134375 0.80608695625 0.7167662171875 0.8226086953125 0.701486315625 0.8252173921875 0.6556466171875 0.800869565625 0.6139741625 0.7973913046875001 0.6098069171875 0.7773913046875001 0.6056396703125 0.760869565625 0.6417557984375
2 0.8086956515624999 0.747326015625 0.823478259375 0.7889984734375 0.8530434781249999 0.805667453125 0.8921739140625 0.757049590625 0.8530434781249999 0.7195443796875 0.8252173921875 0.693151828125 0.8043478265624999 0.7195443796875 0.8086956515624999 0.747326015625
2 0.7973913046875001 0.569523546875 0.7886956515625 0.6028615078125 0.793043478125 0.6125850796875 0.8373913046875 0.604250590625 0.83391304375 0.5611890546875 0.8086956515624999 0.5222947640625 0.8052173921874999 0.511182109375 0.7991304343750001 0.53340741875 0.7973913046875001 0.569523546875
2 0.7452173921874999 0.509793025 0.7852173921875 0.5042367 0.7973913046875001 0.4667314921875 0.7695652187500001 0.43756077343750005 0.7278260859375 0.44867342812500005 0.73391304375 0.4792332265625 0.7356521734375 0.49729129062500005 0.7452173921874999 0.509793025
2 0.8 0.52090568125 0.8173913046875001 0.5375746640625 0.8443478265625 0.53896374375 0.846956521875 0.5084039453125 0.823478259375 0.47089873437499996 0.796521740625 0.4667314921875 0.7913043484375 0.48895679843749995 0.8 0.52090568125
2 0.840869565625 0.588970690625 0.8226086953125 0.6098069171875 0.8243478265625 0.6514793703125 0.8426086953124999 0.68620641875 0.8643478265625 0.6709265171875 0.8765217406250001 0.6292540640625 0.840869565625 0.588970690625
2 0.8400000000000001 0.5959160984375 0.8686956515625001 0.588970690625 0.8826086953125 0.5681344625 0.8608695656249999 0.5347964984375 0.8365217406250001 0.540352828125 0.8400000000000001 0.5959160984375
2 0.8756521734374999 0.5764689546875 0.8921739140625 0.6070287546875 0.9243478265625 0.6167523265625 0.9460869562499999 0.5764689546875 0.9252173921875 0.5445200734375 0.9113043484375 0.53896374375 0.8921739140625 0.5445200734375 0.8756521734374999 0.5764689546875
2 0.859130434375 0.543130990625 0.8913043484375001 0.5514654828125 0.8991304343750001 0.4959022078125 0.8652173921875 0.4667314921875 0.8521739140625 0.48756771875 0.8452173921874999 0.516738434375 0.859130434375 0.543130990625
2 0.8356521734375001 0.484789553125 0.8539130437500001 0.4792332265625 0.8678260859375 0.4445061828125 0.83391304375 0.4097791375 0.8226086953125 0.438949853125 0.8156521734375 0.468120571875 0.8356521734375001 0.484789553125
2 0.9452173921875 0.6445339609375 0.9756521734374999 0.6723156 1 0.633421309375 0.996521740625 0.604250590625 0.9834782593750001 0.588970690625 0.9626086953125 0.5806361984375 0.9347826078124999 0.5611890546875 0.9660869562500001 0.6098069171875 0.9452173921875 0.6445339609375
2 0.9026086953125001 0.509793025 0.919130434375 0.53062925625 0.926956521875 0.5028476171875 0.9217391296875 0.4764550640625 0.893043478125 0.44172801875 0.8808695656250001 0.44172801875 0.8878260859375 0.468120571875 0.9026086953125001 0.509793025
2 0.4278260859375 0.2917071828125 0.440869565625 0.32087790156249996 0.483478259375 0.33615779843750004 0.48086956562500005 0.295874428125 0.46260869531250004 0.2805945265625 0.4278260859375 0.2917071828125
2 0.4773913046875 0.2625364625 0.4721739140625 0.2819836109375 0.4817391296875 0.3069870828125 0.5052173921875001 0.2972635078125 0.5217391296875 0.2875399359375 0.54956521875 0.286150853125 0.520869565625 0.240311153125 0.5156521734374999 0.2361439078125 0.4773913046875 0.2625364625
2 0.4947826078125 0.33615779843750004 0.5182608703125 0.3403250453125 0.556521740625 0.3403250453125 0.5582608703124999 0.3333796359375 0.5286956515625 0.3014307546875 0.5121739140625 0.2944853453125 0.4947826078125 0.312543409375 0.4947826078125 0.33615779843750004