2 0.17181818124999998 0.264204546875 0.16 0.1875 0.15 0.15625 0.1254545453125 0.14346590937499998 0.10271756875 0.142197103125 0.09818181875000001 0.21306818125000002 0.0963636359375 0.313920453125 0.12272727187500002 0.38494318125000004 0.160909090625 0.36221590937500003 0.16818181875 0.34090909062499997 0.17181818124999998 0.264204546875
2 0.142727271875 0.11079545312500001 0.147272728125 0.125 0.15818181874999998 0.17471590937499998 0.16181818125 0.2386363625 0.16818181875 0.2698863625 0.179090909375 0.289772728125 0.1954545453125 0.27556818125000004 0.2054545453125 0.25568181874999996 0.21000000000000002 0.188920453125 0.202727271875 0.11221590937499999 0.1854545453125 0.0667613625 0.15909090937499998 0.0667613625 0.150909090625 0.078125 0.142727271875 0.11079545312500001
2 0.299090909375 0.663352271875 0.3145454546875 0.6349431812499999 0.3154545453125 0.6079545468750001 0.307272728125 0.5639204531249999 0.29818181875 0.5511363625000001 0.270909090625 0.5582386374999999 0.27818181875 0.5625 0.270909090625 0.5951704531249999 0.26727272812499997 0.6534090906250001 0.28545454531250003 0.6832386374999999 0.299090909375 0.663352271875
2 0.3154545453125 0.6107954531249999 0.3145454546875 0.6676136374999999 0.31727272812499996 0.6917613625000001 0.33818181875 0.6974431812499999 0.3454545453125 0.65625 0.36181818125 0.569602271875 0.34363636406250003 0.53125 0.3263636359375 0.5326704531249999 0.3154545453125 0.5582386374999999 0.3154545453125 0.6107954531249999
2 0.479090909375 0.7059659093749999 0.477272728125 0.6448863625000001 0.46909090937500003 0.555397728125 0.4645454546875 0.524147728125 0.432727271875 0.507102271875 0.41 0.5042613625000001 0.40181818125 0.5894886374999999 0.40181818125 0.6704545468750001 0.42000000000000004 0.7286931812499999 0.479090909375 0.7059659093749999
2 0.4954545453125 0.555397728125 0.520909090625 0.5269886374999999 0.51 0.467329546875 0.500909090625 0.41619318125 0.5063636359375 0.3394886375 0.520909090625 0.296875 0.5263636359375 0.26278409062499997 0.4854545453125 0.274147728125 0.45727272812499997 0.342329546875 0.46090909062499996 0.450284090625 0.4663636359375 0.5213068187500001 0.4954545453125 0.555397728125
2 0.54818181875 0.515625 0.5636363640625001 0.481534090625 0.5627272718749999 0.444602271875 0.5627272718749999 0.39346590937500003 0.5599999999999999 0.34659090937500003 0.55181818125 0.321022728125 0.5236363640625 0.3125 0.499090909375 0.3707386375 0.4954545453125 0.43181818125 0.52 0.5014204531249999 0.54818181875 0.515625
2 0.5636363640625001 0.390625 0.5627272718749999 0.41619318125 0.5599999999999999 0.475852271875 0.5618181812499999 0.508522728125 0.5736363640625 0.5142045468750001 0.5927272718750001 0.491477271875 0.5945454546875 0.46875 0.5900000000000001 0.399147728125 0.5909090906250001 0.31534090937500003 0.57818181875 0.2855113625 0.5454545453125 0.3011363625 0.550909090625 0.313920453125 0.5654545453125001 0.34090909062499997 0.5636363640625001 0.390625
2 0.677272728125 0.423295453125 0.6836363640625 0.329545453125 0.6654545453125 0.279829546875 0.6336363640625 0.2855113625 0.6136363640625 0.328125 0.6045454546875 0.383522728125 0.6036363640625 0.46306818125 0.61181818125 0.5284090906250001 0.6581818187499999 0.5681818187500001 0.6590909093749999 0.5142045468750001 0.677272728125 0.423295453125
2 0.5718181812500001 0.828125 0.5709090906250001 0.7627840906250001 0.5654545453125001 0.7244318187500001 0.542727271875 0.7244318187500001 0.54181818125 0.7485795468750001 0.540909090625 0.8167613625 0.53818181875 0.8210227281250001 0.5454545453125 0.8451704531249999 0.5718181812500001 0.828125
2 0.6609090906249999 0.8565340906250001 0.6645454546875 0.85369318125 0.6654545453125 0.8096590906250001 0.6599999999999999 0.7698863625000001 0.647272728125 0.727272728125 0.620909090625 0.7230113625000001 0.61818181875 0.7698863625000001 0.637272728125 0.80681818125 0.6436363640625 0.8323863625 0.65 0.8508522718749999 0.6609090906249999 0.8565340906250001
2 0.7545454546875 0.696022728125 0.759090909375 0.6676136374999999 0.75 0.5994318187500001 0.7154545453125001 0.5965909093749999 0.7063636359375 0.671875 0.7145454546875001 0.7059659093749999 0.7445454546875 0.7386363625000001 0.7545454546875 0.696022728125
2 0.6881818187500001 0.3792613625 0.6872727281250001 0.421875 0.6799999999999999 0.455965909375 0.6745454546875 0.497159090625 0.6781818187499999 0.5284090906250001 0.6818181812499999 0.546875 0.6863636359374999 0.5610795468750001 0.7045454546875 0.5752840906250001 0.72181818125 0.5426136374999999 0.73181818125 0.48863636250000003 0.7445454546875 0.403409090625 0.72818181875 0.352272728125 0.71 0.352272728125 0.6963636359375001 0.360795453125 0.6881818187500001 0.3792613625
2 0.64181818125 0 0.6363636359375 0.015625 0.6336363640625 0.034090909375 0.6236363640625 0.090909090625 0.61 0.132102271875 0.6045454546875 0.18465909062500002 0.639090909375 0.2301136375 0.6590909093749999 0.241477271875 0.6863636359374999 0.2301136375 0.70818181875 0.18465909062500002 0.710909090625 0.12215909062500001 0.7145454546875001 0.080965909375 0.7236363640625 0 0.64181818125 0
2 0.77181818125 0.7372159093749999 0.78 0.7613636374999999 0.789090909375 0.7627840906250001 0.797272728125 0.758522728125 0.797272728125 0.7159090906250001 0.799090909375 0.680397728125 0.78 0.6534090906250001 0.7663636359375 0.6676136374999999 0.7663636359375 0.6974431812499999 0.77181818125 0.7372159093749999
2 0.850909090625 0.5568181812499999 0.8554545453125 0.555397728125 0.85818181875 0.5497159093749999 0.860909090625 0.538352271875 0.8690909093749999 0.5113636374999999 0.8718181812499999 0.5014204531249999 0.8699999999999999 0.46448863749999997 0.8681818187499999 0.450284090625 0.860909090625 0.455965909375 0.8445454546875 0.487215909375 0.8372727281250001 0.5255681812499999 0.8418181812500001 0.5525568187500001 0.850909090625 0.5568181812499999
2 0.8727272718749999 0.47301136250000003 0.8709090906249999 0.5014204531249999 0.8772727281250001 0.555397728125 0.8818181812500001 0.5752840906250001 0.892727271875 0.5795454531249999 0.9109090906249999 0.5582386374999999 0.9190909093749999 0.497159090625 0.900909090625 0.465909090625 0.897272728125 0.461647728125 0.8790909093750001 0.465909090625 0.8727272718749999 0.47301136250000003
2 0.9090909093749999 0.465909090625 0.9154545453124999 0.5198863625000001 0.9554545453125 0.5127840906250001 0.96 0.444602271875 0.957272728125 0.413352271875 0.9236363640624999 0.420454546875 0.9090909093749999 0.465909090625