2 0.7838983046875 0.53874434375 0.8877118640624999 0.610859728125 0.9883474578125 0.59671945625 1 0.5415723984375 0.9989406781250001 0.0904977375 0.89088983125 0.050904978125 0.789194915625 0.035350678125 0.7192796609375 0.0904977375 0.644067796875 0.2191742078125 0.6302966109375 0.3605769234375 0.7838983046875 0.53874434375
2 0.643008475 0.904977375 0.7468220343749999 0.8639705875000001 0.8188559328125 0.76074660625 0.85487288125 0.65328054375 0.8040254234375 0.5839932125 0.7150423734375 0.5698529406249999 0.6133474578125 0.6080316734375 0.5699152546875 0.7154977375 0.579449153125 0.8498303171874999 0.643008475 0.904977375
2 0.8072033890625001 1 0.87711864375 0.9714366515625 0.9078389828125 0.8710407234374999 0.89512711875 0.7946832578125 0.851694915625 0.7169117640625 0.833686440625 0.7579185515625 0.77012711875 0.828619909375 0.6557203390625 0.90921945625 0.668432203125 0.9898190046875 0.6875 1 0.8072033890625001 1
2 0.5709745765625 0.8088235296875 0.5889830515625001 0.6942873296875 0.6154661015625 0.6221719453125 0.545550846875 0.565610859375 0.458686440625 0.5854072390625 0.40783898281250003 0.6858031671875 0.46186440624999997 0.779128959375 0.48199152500000003 0.811651584375 0.5519067796875 0.8158936656250001 0.5709745765625 0.8088235296875
2 0.5243644062499999 0.4058257921875 0.5 0.47652715 0.5337922109375 0.5472358046875 0.5529661015625 0.520361990625 0.5942796609375 0.4736990953125 0.662076271875 0.429864253125 0.64088983125 0.384615384375 0.580508475 0.371889140625 0.5243644062499999 0.4058257921875
2 0.39300847499999997 0.335124434375 0.38241525468750004 0.281391403125 0.371822034375 0.2290723984375 0.41949152500000003 0.1654411765625 0.3898305078125 0.13291855156250001 0.31991525468750004 0.125848415625 0.26800847499999997 0.18947963750000002 0.22987288125 0.2729072390625 0.26906779687500004 0.3209841625 0.27012711875 0.3280542984375 0.28813559375 0.3280542984375 0.39300847499999997 0.335124434375
2 0.3019067796875 0.6320701359374999 0.289194915625 0.507635746875 0.29237288125 0.4779411765625 0.25423728749999996 0.44259049843750004 0.18961864374999998 0.49208144843749996 0.2002118640625 0.589649321875 0.2563559328125 0.65328054375 0.3019067796875 0.6320701359374999
2 0.3029661015625 0.4553167421875 0.31461864375 0.42703619843749996 0.3644067796875 0.3959276015625 0.3834745765625 0.36623303125 0.33686440625 0.34926470625 0.28813559375 0.40865384687499995 0.271186440625 0.43269230781249995 0.2849576265625 0.4722850671875 0.3029661015625 0.4553167421875
2 0.1112288140625 0.20361990937500002 0.083686440625 0.2516968328125 0.050847457812499997 0.3125 0.0741525421875 0.32946832656249997 0.12923728750000002 0.32381221718750003 0.1747881359375 0.27856334843749997 0.1769067796875 0.2432126703125 0.1546610171875 0.21069004531250002 0.1112288140625 0.20361990937500002
2 0.14088983125 0.07494343906249999 0.0985169484375 0.06504524843750001 0.065677965625 0.096153846875 0.06355932187499999 0.13857466093749998 0.10169491562499999 0.1654411765625 0.148305084375 0.15271493281249998 0.17161016875 0.11595022656250001 0.14088983125 0.07494343906249999
2 0.2457627125 0.16402715 0.2235169484375 0.14847285 0.186440678125 0.171097284375 0.19703389843750002 0.2205882359375 0.224576271875 0.2276583703125 0.246822034375 0.20361990937500002 0.2457627125 0.16402715