2 0.4263674609375 0.6886395515625 0.6605890609375 0.753155678125 0.7265077125 0.6746143046874999 0.739130434375 0.5511921484375 0.6774193562499999 0.450210378125 0.5273492296875 0.3576437609375 0.3997194953125 0.256661990625 0.24123422187500002 0.2398316953125 0.1556802265625 0.3141655 0.1444600265625 0.3969144484375 0.206171109375 0.5455820484375 0.4263674609375 0.6886395515625
2 0.8793828906250001 0.1977559609375 0.7741935484375 0.2342216 0.82047685625 0.2847124828125 0.8849929875000001 0.3169705484375 0.94530154375 0.2650771390625 0.8793828906250001 0.1977559609375
2 0.7966339390625 0.3716690046875 0.82608695625 0.3913043484375 0.8906030875000001 0.4067321171875 0.9172510515625 0.34922861250000004 0.8695652171875 0.30294530000000003 0.8401122000000001 0.30434782656250003 0.7826086953125 0.32819074375 0.7966339390625 0.3716690046875
2 0.82047685625 0.2524544171875 0.7840112218749999 0.2258064515625 0.7615708265625 0.2187938296875 0.7068723703125 0.2201963515625 0.6928471265625 0.256661990625 0.7068723703125 0.2903225828125 0.764375878125 0.31276297343750004 0.7896213171875 0.2973352046875 0.8050490874999999 0.28330995625 0.82047685625 0.2524544171875
2 0.7573632515625001 0.3239831703125 0.6788218781250001 0.3057503515625 0.7082748953125 0.335203365625 0.6914446 0.395511921875 0.7629733515625 0.424964934375 0.7685834515625001 0.4193548390625 0.7882187953125 0.3590462828125 0.7573632515625001 0.3239831703125
2 0.8667601703125 0.4319775609375 0.838709678125 0.4123422171875 0.799438990625 0.4137447390625 0.772791021875 0.4488078515625 0.7924263703125 0.489481065625 0.8246844296875 0.504908834375 0.8639551171875001 0.495091165625 0.872370265625 0.455820478125 0.8667601703125 0.4319775609375
2 0.7713885 0.4319775609375 0.7208976171875 0.4137447390625 0.6816269296875 0.4263674609375 0.6872370265625001 0.4670406734375 0.7012622734375 0.5189340828125 0.743338009375 0.5287517515625 0.758765778125 0.5189340828125 0.7868162703125 0.4712482484375 0.7713885 0.4319775609375
2 0.748948109375 0.5722300125 0.7629733515625 0.6143057515625 0.7882187953125 0.6269284703125 0.8302945296875001 0.5876577828125 0.8330995781249999 0.5469845734375001 0.7840112218749999 0.5189340828125 0.743338009375 0.5315568046875 0.748948109375 0.5722300125
2 1 0.30434782656250003 0.9831697046875 0.2776998609375 0.9467040656249999 0.2650771390625 0.9130434781250001 0.30855540000000004 0.9130434781250001 0.3576437609375 0.9424964953125 0.3814866734375 1 0.4039270703125 1 0.37868162656250004 1 0.30434782656250003
2 0.9046283296875 0.40953716562500003 0.897615709375 0.44740532968749996 0.9312762953125 0.4670406734375 0.9663394125 0.44460028281249997 0.97475455625 0.40252454374999996 0.9410939703125001 0.3913043484375 0.9214586265625 0.3941093953125 0.9046283296875 0.40953716562500003
2 0.86535764375 0.5778401125 0.9312762953125 0.569424965625 0.9060308562499999 0.4866760171875 0.8892005609375 0.4866760171875 0.8471248265625 0.5413744734375 0.86535764375 0.5778401125
2 0.82047685625 0.6016830296875 0.8274894828124999 0.6619915875 0.8583450218750001 0.6774193562499999 0.9102384296875 0.610098178125 0.8737727906250001 0.5750350656250001 0.838709678125 0.569424965625 0.82047685625 0.6016830296875
2 0.9158485265625 0.6143057515625 0.952314165625 0.6185133265625 0.9915848515624999 0.5960729296875 0.97475455625 0.5511921484375 0.9410939703125001 0.549789621875 0.9228611515624999 0.5778401125 0.9158485265625 0.6143057515625
2 1 0.4796633953125 0.9565217390624999 0.4586255265625 0.938288921875 0.495091165625 0.9509116390625 0.51753155625 0.971949509375 0.5273492296875 1 0.5105189343750001 1 0.4796633953125
2 0.9018232828125001 0.645161290625 0.87096774375 0.6774193562499999 0.8667601703125 0.6816269296875 0.8821879390625 0.764375878125 0.948106590625 0.7082748953125 0.9298737734375001 0.663394109375 0.9018232828125001 0.645161290625
2 0.7657784000000001 0.7152875171875 0.7699859734375 0.748948109375 0.798036465625 0.7363253875 0.8330995781249999 0.7265077125 0.8485273484375 0.6872370265625001 0.8302945296875001 0.664796634375 0.813464234375 0.6507713875000001 0.798036465625 0.6690042093749999 0.7657784000000001 0.7152875171875
2 0.3141655 0.7307152875 0.3183730703125 0.7082748953125 0.2791023828125 0.67180925625 0.2398316953125 0.663394109375 0.22300140468750002 0.6732117828125 0.215988778125 0.704067321875 0.23281907343750002 0.7601683046875001 0.2496493703125 0.758765778125 0.2636746125 0.7573632515625001 0.3141655 0.7307152875
2 0.3141655 0.6998597484375 0.3323983171875 0.6577840125 0.3169705484375 0.6129032265625 0.2875175296875 0.6129032265625 0.26788218750000004 0.6213183734375 0.2496493703125 0.649368865625 0.3001402515625 0.66619915625 0.301542778125 0.66619915625 0.3099579265625 0.6970547 0.3141655 0.6998597484375
2 0.2524544171875 0.63113604375 0.22440392656250002 0.59747545625 0.180925665625 0.5778401125 0.15007012656250002 0.59186535625 0.12903225625 0.6325385703124999 0.161290321875 0.6858345 0.19495091250000002 0.684431978125 0.24824684375 0.6605890609375 0.2524544171875 0.63113604375
2 0.196353434375 0.743338009375 0.21458625625 0.6998597484375 0.1725105171875 0.6760168296875 0.1234221609375 0.6746143046874999 0.0827489484375 0.6830294515625 0.08134642187499999 0.713884990625 0.10098176562500001 0.7671809265625 0.10098176562500001 0.7685834515625001 0.1598878 0.7629733515625 0.196353434375 0.743338009375
2 0.1374474046875 0.63113604375 0.131837309375 0.594670409375 0.10518933906250001 0.5806451609375001 0.0827489484375 0.5722300125 0.022440390625 0.6016830296875 0.0084151484375 0.6143057515625 0.021037870312500002 0.6479663390625 0.0561009828125 0.6816269296875 0.0841514734375 0.6788218781250001 0.1192145875 0.6605890609375 0.1374474046875 0.63113604375
2 0 0.7363253875 0.007012621875 0.7713885 0.054698456250000006 0.772791021875 0.07713884843749999 0.719495090625 0.06030855625 0.6858345 0 0.698457221875 0 0.7363253875
2 0.0084151484375 0.5007012609375 0 0.6143057515625 0.0406732125 0.589060309375 0.086956521875 0.5582047703125 0.05890602968749999 0.5203366046875 0.0084151484375 0.5007012609375
2 0.166900421875 0.5315568046875 0.1178120609375 0.495091165625 0.10939691250000001 0.49368863906250005 0.0841514734375 0.51753155625 0.08134642187499999 0.5511921484375 0.1150070125 0.5764375875 0.1374474046875 0.5932678828125 0.16830294375 0.5708274906249999 0.166900421875 0.5315568046875
2 0.10098176562500001 0.450210378125 0.0827489484375 0.4193548390625 0.032258065625 0.43618513437499995 0 0.4670406734375 0.0042075734375 0.4978962125 0.0561009828125 0.5259467046874999 0.06030855625 0.524544178125 0.08555399531249999 0.5063113609375 0.10098176562500001 0.450210378125
2 0.1486676 0.3730715296875 0.1248246828125 0.335203365625 0.09396914375 0.3267882171875 0.0659186515625 0.34221598750000004 0.042075734375 0.36886395625 0.0659186515625 0.41654979062499997 0.0561009828125 0.4137447390625 0.10939691250000001 0.4319775609375 0.1486676 0.3730715296875
2 0 0.315568021875 0.032258065625 0.3478260875 0.1037868171875 0.3197755953125 0.112201965625 0.2734922875 0.0757363265625 0.22720897812500002 0.028050490625 0.22300140468750002 0 0.2580645171875 0 0.315568021875
2 0.713884990625 0.182328190625 0.66619915625 0.1598878 0.63674614375 0.15848527343750002 0.6086956515625 0.180925665625 0.59186535625 0.2117812046875 0.6255259484375 0.2426367484375 0.6690042093749999 0.2594670390625 0.7279102390625 0.221598878125 0.713884990625 0.182328190625