2 0.22749999999999998 0.15061936874999998 0.225 0.135135134375 0.1975 0.13091216249999998 0.16499999999999998 0.15625 0.19 0.1914414421875 0.21000000000000002 0.171734234375 0.22749999999999998 0.15061936874999998
2 0.1575 0.1801801796875 0.1125 0.18299549531249998 0.125 0.20833333281250002 0.13999999999999999 0.202702703125 0.15 0.19425675625 0.1575 0.1801801796875
2 0.34500000000000003 0.222409909375 0.3175 0.19425675625 0.29500000000000004 0.197072071875 0.27749999999999997 0.20551801875 0.28250000000000003 0.23367117187500003 0.315 0.24352477499999997 0.34500000000000003 0.222409909375
2 0.2875 0.3744369375 0.26749999999999996 0.3561373875 0.255 0.3547297296875 0.25 0.3645833328125 0.24 0.40540540468749997 0.265 0.396959459375 0.2875 0.3744369375
2 0.3975 0.3012387390625 0.39 0.297015765625 0.365 0.3012387390625 0.375 0.3378378375 0.395 0.335022521875 0.4125 0.31813063124999996 0.3975 0.3012387390625
2 0.236 0.385135134375 0.237333334375 0.3768768765625 0.221333334375 0.37162162187500003 0.20933333437499999 0.38138138125 0.230666665625 0.39339339375 0.24 0.39414414375 0.236 0.385135134375
2 0.34666666562500004 0.4767267265625 0.34666666562500004 0.4699699703125 0.34933333437499997 0.44819819843750003 0.33599999999999997 0.4376876875 0.310666665625 0.4376876875 0.282666665625 0.44969970000000004 0.273333334375 0.46021021093750003 0.3 0.48048048125 0.34666666562500004 0.4767267265625
2 0.185333334375 0.25900900937500004 0.174666665625 0.25600600625 0.16399999999999998 0.28303303281250003 0.182666665625 0.29354354374999997 0.20800000000000002 0.272522521875 0.185333334375 0.25900900937500004
2 0.272 0.521021021875 0.249333334375 0.51876876875 0.24 0.5240240234375 0.225333334375 0.5442942937499999 0.277333334375 0.5450450453125 0.288 0.534534534375 0.272 0.521021021875
2 0.402666665625 0.5285285281250001 0.409333334375 0.5172672671874999 0.393333334375 0.496246246875 0.372 0.48348348281250003 0.34533333437499997 0.48498498593750006 0.329333334375 0.49024024062500005 0.314666665625 0.5112612609375 0.333333334375 0.5292792796875 0.394666665625 0.5307807796875 0.402666665625 0.5285285281250001
2 0.356 0.5382882890625 0.334666665625 0.527777778125 0.318666665625 0.56831831875 0.358666665625 0.578078078125 0.396 0.5465465468749999 0.356 0.5382882890625
2 0.305333334375 0.5630630625 0.28933333437500003 0.5645645640625 0.294666665625 0.5885885890625 0.326666665625 0.5855855859375 0.326666665625 0.5735735734375 0.305333334375 0.5630630625
2 0.386666665625 0.69894895 0.4 0.6786786796875 0.369333334375 0.6621621625 0.33866666562500003 0.6644144140625 0.33999999999999997 0.66891891875 0.326666665625 0.690690690625 0.344 0.7079579578125 0.377333334375 0.709459459375 0.386666665625 0.69894895
2 0.516 0.60735735625 0.506666665625 0.5803303296875 0.47866666562500004 0.574324325 0.44800000000000006 0.5825825828125 0.442666665625 0.6223723734375 0.48666666562499994 0.6388888890625 0.5133333343750001 0.6283783781250001 0.516 0.60735735625
2 0.542666665625 0.68168168125 0.557333334375 0.66891891875 0.518666665625 0.6516516515624999 0.484 0.6418918921875 0.473333334375 0.647897896875 0.45199999999999996 0.68093093125 0.461333334375 0.6921921921874999 0.49866666562499995 0.7034534531250001 0.542666665625 0.68168168125
2 0.5599999999999999 0.7454954953125 0.585333334375 0.7319819812499999 0.545333334375 0.702702703125 0.532 0.6981981984375001 0.48933333437500004 0.7079579578125 0.488 0.73123123125 0.504 0.7424924921875 0.544 0.7545045046875 0.5599999999999999 0.7454954953125
2 0.561333334375 0.6981981984375001 0.58 0.6831831828125 0.5519999999999999 0.6786786796875 0.508 0.6876876875 0.524 0.6929429421875 0.561333334375 0.6981981984375001
2 0.642666665625 0.4144144140625 0.641333334375 0.40015015 0.64 0.3956456453125 0.628 0.3791291296875 0.592 0.3881381390625 0.609333334375 0.38663663593750003 0.592 0.3888888890625 0.601333334375 0.390390390625 0.596 0.40615615624999996 0.609333334375 0.421921921875 0.636 0.421171171875 0.642666665625 0.4144144140625
2 0.670666665625 0.4039039046875 0.688 0.4016516515625 0.709333334375 0.38663663593750003 0.698666665625 0.3761261265625 0.669333334375 0.3731231234375 0.636 0.384384384375 0.633333334375 0.39264264375 0.670666665625 0.4039039046875
2 0.624 0.325825825 0.638666665625 0.34309309374999997 0.677333334375 0.34309309374999997 0.7 0.32957957968749996 0.662666665625 0.31831831875 0.624 0.325825825
2 0.670666665625 0.36786786875 0.670666665625 0.375375375 0.713333334375 0.3873873875 0.702666665625 0.396396396875 0.72 0.39714714687499997 0.7413333343749999 0.3896396390625 0.738666665625 0.3738738734375 0.718666665625 0.36336336406249997 0.7253333343749999 0.359609609375 0.688 0.36636636562499997 0.670666665625 0.36786786875
2 0.638666665625 0.3325825828125 0.6146666656249999 0.3198198203125 0.593333334375 0.3355855859375 0.596 0.3641141140625 0.622666665625 0.3543543546875 0.638666665625 0.3325825828125
2 0.605333334375 0.29429429375 0.577333334375 0.28978978906249997 0.585333334375 0.3115615625 0.5986666656249999 0.309309309375 0.605333334375 0.3040540546875 0.605333334375 0.29429429375
2 0.562666665625 0.5495495499999999 0.5519999999999999 0.547297296875 0.528 0.5540540546875 0.548 0.58108108125 0.570666665625 0.5713213203125 0.576 0.5630630625 0.562666665625 0.5495495499999999
2 0.541333334375 0.596846846875 0.525333334375 0.6111111109375 0.541333334375 0.6268768765625 0.577333334375 0.608858859375 0.541333334375 0.596846846875
2 0.890666665625 0.6734234234375001 0.8933333343750001 0.6659159156250001 0.874666665625 0.6516516515624999 0.869333334375 0.6539039046874999 0.8640000000000001 0.6524024015625 0.844 0.6599099093749999 0.852 0.6704204203125 0.853333334375 0.674924925 0.890666665625 0.6734234234375001
2 0.678666665625 0.422672671875 0.689333334375 0.43168168125 0.697333334375 0.4301801796875 0.698666665625 0.40690690625 0.708 0.40915915937499997 0.685333334375 0.40090090156249997 0.678666665625 0.422672671875
2 0.692 0.34759759843750004 0.717333334375 0.3483483484375 0.726666665625 0.325825825 0.710666665625 0.3213213203125 0.686666665625 0.3228228234375 0.686666665625 0.340090090625 0.692 0.34759759843750004
2 0.730666665625 0.3355855859375 0.7506666656250001 0.33408408437500003 0.769333334375 0.3145645640625 0.736 0.3115615625 0.7213333343749999 0.31906906875 0.718666665625 0.325825825 0.730666665625 0.3355855859375
2 0.862666665625 0.6216216218749999 0.854666665625 0.6141141140624999 0.836 0.6133633640625 0.838666665625 0.63213213125 0.854666665625 0.6388888890625 0.861333334375 0.634384384375 0.862666665625 0.6216216218749999
2 0.809333334375 0.7177177171875 0.789333334375 0.714714715625 0.792 0.728978978125 0.814666665625 0.7297297296874999 0.822666665625 0.7267267265624999 0.809333334375 0.7177177171875