2 0 0.39298245625 0.045263157812499996 0.39298245625 0.0547368421875 0.342456140625 0.046315790625 0.2736842109375 0.0042105265625 0.2792982453125 0 0.3031578953125 0 0.377543859375 0 0.39298245625
2 0.067368421875 0.2877192984375 0.0757894734375 0.3396491234375 0.052631578125 0.395789475 0.04 0.4238596484375 0.092631578125 0.4322807015625 0.11894736875 0.3621052640625 0.11684210625 0.307368421875 0.069473684375 0.2498245625 0.049473684375 0.25403508750000003 0.049473684375 0.2596491234375 0.067368421875 0.2877192984375
2 0.092631578125 0.46596491249999994 0.12 0.47438596562499996 0.149473684375 0.467368421875 0.153684209375 0.45192982343750004 0.14736842187500002 0.39719298125 0.14315789375000001 0.3621052640625 0.1547368421875 0.32 0.1578947359375 0.31719298125 0.14842105156250002 0.304561403125 0.1242105265625 0.32280701875 0.1115789484375 0.3607017546875 0.0947368421875 0.41543859687499995 0.092631578125 0.46596491249999994
2 0.152631578125 0.41543859687499995 0.1557894734375 0.4350877203125 0.16947368437500002 0.4617543859375 0.189473684375 0.47157894687499996 0.213684209375 0.4491228078125 0.2252631578125 0.4098245625 0.2147368421875 0.3621052640625 0.186315790625 0.328421053125 0.1547368421875 0.3298245625 0.14526315781250002 0.3663157890625 0.152631578125 0.41543859687499995
2 0.193684209375 0.0463157890625 0.213684209375 0.0378947359375 0.23157894843750002 0 0.1621052640625 0.001403509375 0.16 0.0280701765625 0.193684209375 0.0463157890625
2 0.21578947343750002 0.06877193125 0.226315790625 0.1108771921875 0.23157894843750002 0.1150877203125 0.28315789375 0.1038596484375 0.287368421875 0.0659649125 0.2715789484375 0.001403509375 0.23578947343749998 0.004210525 0.21894736875 0.0477192984375 0.21578947343750002 0.06877193125
2 0.450526315625 0.1950877203125 0.46210526406249997 0.161403509375 0.4557894734375 0.13614035156249998 0.43684210625000003 0.1108771921875 0.42105263125 0.13614035156249998 0.41684210625 0.165614034375 0.43578947343749996 0.1922807015625 0.450526315625 0.1950877203125
2 0.4715789484375 0.1501754375 0.4915789484375 0.14736842187500002 0.4957894734375 0.12771929843750002 0.49684210625 0.0982456140625 0.49684210625 0.075789475 0.4852631578125 0.064561403125 0.470526315625 0.0449122796875 0.45999999999999996 0.074385965625 0.449473684375 0.102456140625 0.450526315625 0.1207017546875 0.4715789484375 0.1501754375
2 0.55684210625 0.3578947359375 0.57684210625 0.3677192984375 0.60105263125 0.3635087703125 0.610526315625 0.3382456140625 0.6084210515625 0.3031578953125 0.610526315625 0.2792982453125 0.6 0.2498245625 0.5631578937499999 0.22877193125 0.5442105265625 0.25543859687500003 0.529473684375 0.3059649125 0.5368421062500001 0.342456140625 0.55684210625 0.3578947359375
2 0.272631578125 0.7382456140625 0.2957894734375 0.7452631578125 0.3421052640625 0.725614034375 0.346315790625 0.70877193125 0.3442105265625 0.66105263125 0.32736842187500004 0.617543859375 0.293684209375 0.6105263140625 0.2778947359375 0.631578946875 0.26315789375 0.6736842109375 0.25894736875 0.71719298125 0.272631578125 0.7382456140625
2 0.38315789375 0.7747368421874999 0.4 0.7649122796875 0.4178947359375 0.7438596484375 0.4252631578125 0.72 0.40736842187500005 0.6666666671875 0.37894736875 0.6680701765625 0.3515789484375 0.7059649125 0.347368421875 0.7494736859375 0.36105263125 0.7705263140625 0.38315789375 0.7747368421874999
2 0.4178947359375 0.7101754375 0.429473684375 0.7508771921874999 0.44315789375000003 0.7747368421874999 0.45473684218750005 0.7859649125 0.473684209375 0.7803508765625 0.48105263125000003 0.7677192984375 0.48631579062499997 0.7466666671875 0.47894736875 0.6877192984375 0.45999999999999996 0.6891228078125 0.43684210625000003 0.6708771921875 0.4178947359375 0.7101754375
2 0.5284210515625001 0.6750877203125001 0.5421052640624999 0.6666666671875 0.553684209375 0.6568421046874999 0.5442105265625 0.6077192984375 0.532631578125 0.582456140625 0.5105263156250001 0.5810526312500001 0.4957894734375 0.624561403125 0.4957894734375 0.6512280687499999 0.5157894734374999 0.6778947359374999 0.5284210515625001 0.6750877203125001
2 0.670526315625 0.5347368421875001 0.6757894734375001 0.5291228078125 0.6789473687500001 0.50105263125 0.68105263125 0.44771929843749997 0.6652631578125 0.41684210468750005 0.646315790625 0.40140350937499997 0.62 0.4252631578125 0.59894736875 0.48701754375000006 0.6178947359375 0.5543859656250001 0.6484210515625 0.55298245625 0.670526315625 0.5347368421875001
2 0.73684210625 0.56701754375 0.76315789375 0.54877193125 0.76105263125 0.49122806875 0.7484210515624999 0.45473684218750005 0.7231578937500001 0.4308771921875 0.7147368421875 0.4505263140625 0.693684209375 0.49122806875 0.69684210625 0.5501754375 0.7178947359375 0.5698245625 0.73684210625 0.56701754375
2 0.692631578125 0.6708771921875 0.7042105265624999 0.6568421046874999 0.7063157906249999 0.631578946875 0.6989473687500001 0.5866666671874999 0.6821052640625 0.561403509375 0.6578947359375 0.5768421046875 0.632631578125 0.6077192984375 0.630526315625 0.6694736859375 0.6621052640625 0.6891228078125 0.692631578125 0.6708771921875
2 0.76315789375 0.697543859375 0.786315790625 0.715789475 0.8021052640624999 0.6849122796875 0.7884210515625 0.6161403515625 0.77894736875 0.5950877203125 0.7747368421874999 0.5838596484374999 0.747368421875 0.6007017546875 0.73894736875 0.6301754374999999 0.74 0.6680701765625 0.76315789375 0.697543859375
2 0.8389473687500001 0.6554385968750001 0.8484210515624999 0.63719298125 0.8484210515624999 0.6133333328125 0.8463157906250001 0.5880701765625 0.84105263125 0.57122806875 0.8263157906249999 0.54877193125 0.8115789484375 0.5501754375 0.7978947359374999 0.6049122796875 0.8042105265625 0.641403509375 0.8326315781250001 0.662456140625 0.8389473687500001 0.6554385968750001
2 0.8789473687499999 0.6203508765625 0.890526315625 0.6147368421875 0.9 0.6021052640625 0.90105263125 0.5740350875 0.9115789484375 0.5305263140625 0.9168421062500001 0.5136842109375 0.89894736875 0.4940350875 0.8726315781249999 0.48280701875 0.8800000000000001 0.48982456250000006 0.8547368421874999 0.5361403515625 0.84105263125 0.6035087703124999 0.85684210625 0.6203508765625 0.8789473687499999 0.6203508765625
2 0.9052631578125 0.56701754375 0.92315789375 0.617543859375 0.93684210625 0.6582456140625 0.966315790625 0.645614034375 0.9778947359375 0.6259649125 0.966315790625 0.5838596484374999 0.9578947359375001 0.5178947359375 0.9315789484374999 0.5108771921875 0.927368421875 0.5052631578125 0.9199999999999999 0.5235087703125 0.9052631578125 0.56701754375
2 0.7484210515624999 0.29473684218749996 0.767368421875 0.32701754375 0.8052631578125 0.3340350875 0.8042105265625 0.2877192984375 0.78315789375 0.24 0.76105263125 0.23719298125 0.746315790625 0.25543859687500003 0.7484210515624999 0.29473684218749996
2 0.7421052640625 0.137543859375 0.7515789484375001 0.1838596484375 0.7557894734375 0.1950877203125 0.8042105265625 0.1866666671875 0.8010526312499999 0.1417543859375 0.7852631578125 0.102456140625 0.76315789375 0.0996491234375 0.7442105265625 0.12631578906250002 0.7421052640625 0.137543859375
2 0.627368421875 0.6961403515625 0.630526315625 0.71298245625 0.6421052640625 0.7635087703125001 0.6578947359375 0.7691228078125001 0.667368421875 0.74105263125 0.650526315625 0.6989473687500001 0.6578947359375 0.6961403515625 0.63684210625 0.6821052640625 0.627368421875 0.6961403515625
2 0.6052631578125001 0.7803508765625 0.61684210625 0.7649122796875 0.627368421875 0.7340350875 0.6147368421875 0.7017543859375001 0.6073684218750001 0.71298245625 0.6094736843749999 0.7452631578125 0.6052631578125001 0.7803508765625
2 0.37894736875 0.7761403515625 0.3684210515625 0.787368421875 0.37894736875 0.8561403515625001 0.43684210625000003 0.7831578953125 0.42000000000000004 0.7382456140625 0.4084210515625 0.7677192984375 0.37894736875 0.7761403515625