2 0.4406627875 0.5168067203125 0.44424541093750003 0.3529411765625 0.442454096875 0.2535014015625 0.386027765625 0.208683475 0.34482758593749996 0.21008403437499998 0.326018809375 0.22408963750000002 0.291088221875 0.313725490625 0.30721003125 0.481792715625 0.3672189875 0.5616246515625 0.4406627875 0.5168067203125
2 0.1468875953125 0.784313725 0.197939990625 0.7478991625 0.20420958281249998 0.5728291328124999 0.18002686875 0.51960784375 0.16211374843749998 0.5182072843750001 0.1316614421875 0.514005603125 0.103896103125 0.6022408968749999 0.099417825 0.7072829125 0.1164352890625 0.7703081218750001 0.1468875953125 0.784313725
2 0.3054187171875 0.4845938375 0.302731753125 0.3851540640625 0.29198387812500004 0.3347338921875 0.268696821875 0.32492997031250004 0.25167935468749997 0.3165266125 0.2095835203125 0.4551820734375 0.23197492187500002 0.542016809375 0.27765338281249996 0.5406162453125 0.3054187171875 0.4845938375
2 0.3269144640625 0.7352941171875 0.3116883109375 0.5672268921875 0.286609940625 0.5308123234375001 0.2189256796875 0.5589469015625 0.20868786562500002 0.6176470593750001 0.203313928125 0.718487396875 0.19435736718750002 0.8571428578125 0.24540976250000002 0.8977591031250001 0.30721003125 0.822128853125 0.3269144640625 0.7352941171875
2 0.4388714734375 0.8501400546875001 0.481862965625 0.7450980390625 0.4926108375 0.60364145625 0.4746977140625 0.5518207296875 0.42901925781249994 0.51960784375 0.374384234375 0.5546218484375001 0.34393193125 0.5546218484375001 0.3143752796875 0.6666666671875 0.3340797140625 0.8039215687500001 0.380653828125 0.869747896875 0.4388714734375 0.8501400546875001
2 0.5239588000000001 0.373949578125 0.5248544546875 0.30392156875 0.5150022375 0.25910364218750004 0.4872369 0.23669467656249998 0.45857590625 0.23669467656249998 0.4469323796875 0.2605042015625 0.4460367203125 0.32773109375 0.48096730781249997 0.4173669453125 0.5096283046875 0.4131652640625 0.5239588000000001 0.373949578125
2 0.5239588000000001 0.298319328125 0.52664576875 0.3501400546875 0.5239588000000001 0.3907563046875 0.5302283921875001 0.4089635828125 0.603672190625 0.4453781515625 0.6377071187500001 0.3949579859375 0.6206896546875 0.32773109375 0.5741155390625 0.2450980390625 0.5436632312499999 0.22829131875000003 0.5150022375 0.2394957984375 0.5096283046875 0.2577030828125 0.5239588000000001 0.298319328125
2 0.626959246875 0.34033613281249997 0.6368114640625 0.42016806874999996 0.6502463046875 0.400560225 0.6654724578125 0.3431372546875 0.7012987015625 0.2731092453125 0.71115091875 0.20308122968750003 0.6986117328125 0.1078431375 0.6726377078125 0.0490196078125 0.6377071187500001 0.042016809375000005 0.5857590687500001 0.0770308140625 0.5579937296875 0.1344537796875 0.5606806984375 0.21148459375 0.575906853125 0.2436974796875 0.6027765328125 0.2759103625 0.626959246875 0.34033613281249997
2 0.7720555296875 0.48039215625000004 0.80429915 0.48039215625000004 0.8446036703124999 0.4663865546875 0.8634124484375001 0.4187675046875 0.8786386015625001 0.3333333328125 0.85714285625 0.2408963578125 0.817733990625 0.13585434375 0.7675772515625 0.08543417187499999 0.7272727265625 0.10084033750000002 0.721898790625 0.1652661078125 0.7102552640625001 0.24649859843750002 0.7093596046874999 0.2521008375 0.6896551718749999 0.3487394953125 0.6959247656249999 0.40756302499999997 0.7281683828125 0.4887955203125 0.7720555296875 0.48039215625000004
2 0.85356023125 0.1596638671875 0.85356023125 0.20308122968750003 0.8616211375 0.2549019609375 0.8705776984375 0.261904759375 0.9153605015625 0.261904759375 0.9314823109375 0.218487396875 0.9234214078124999 0.1666666671875 0.89386475625 0.1148459359375 0.880429915625 0.130252103125 0.86430810625 0.15126050468750002 0.85356023125 0.1596638671875
2 0.9341692796875 0.17226890625 0.9502910874999999 0.186274509375 0.9673085546875001 0.1652661078125 0.9556650250000001 0.10644257812499999 0.91983878125 0.0728291328125 0.8858038531249999 0.1078431375 0.9046126296875 0.1288515390625 0.9341692796875 0.17226890625
2 0.46126287499999996 0.3991596625 0.46036721875 0.4705882359375 0.47021943593750004 0.5518207296875 0.5060456765625 0.610644259375 0.539184953125 0.6274509796875 0.5714285703125 0.5714285734375 0.5848634140625 0.5182072843750001 0.5696372609375 0.43557422968750004 0.541871921875 0.400560225 0.5141065828125 0.421568628125 0.46126287499999996 0.3991596625
2 0.35826242656249996 0.9551820734375 0.40125391875 0.9551820734375 0.4361845046875 0.9327731078125 0.46036721875 0.8711484609375001 0.475663053125 0.808960396875 0.42812360156249996 0.8571428578125 0.3654276765625 0.8515406171875 0.3322884015625 0.7983193281250001 0.3242274953125 0.8389355734375 0.32781012187499997 0.92016806875 0.35826242656249996 0.9551820734375