0 0.06837606874999999 0.5028490031249999 0.1079059828125 0.4800569796875 0.11324786406250001 0.396011396875 0.1089743578125 0.3575498578125 0.061965812499999995 0.353276353125 0.03205128125 0.3646723640625 0.0384615390625 0.40455840312499997 0.0491452984375 0.4871794875 0.06837606874999999 0.5028490031249999
0 0.13888888906250002 0.6923076921875 0.16880341875 0.6566951578125 0.1634615390625 0.6082621078125 0.13247863124999998 0.595441596875 0.1111111109375 0.60541310625 0.10042735 0.64529914375 0.10683760625000001 0.68233618125 0.13888888906250002 0.6923076921875
0 0.18162393125 0.6652421640624999 0.20619658125 0.66809116875 0.2264957265625 0.6381766390625 0.23397435781249998 0.596866096875 0.23397435781249998 0.5754985765625 0.1826923078125 0.5555555562500001 0.190170940625 0.5598290593749999 0.1730769234375 0.572649571875 0.1613247859375 0.596866096875 0.16880341875 0.64387464375 0.18162393125 0.6652421640624999
0 0.31944444375000003 0.6339031328125 0.3365384609375 0.6367521375 0.349358975 0.6296296296875 0.3536324796875 0.595441596875 0.33974359062500004 0.5555555562500001 0.31837606875 0.558404559375 0.297008546875 0.5698005703125 0.2884615390625 0.5897435890625 0.2884615390625 0.6068376078125 0.31944444375000003 0.6339031328125
0 0.09294871875 0.3618233609375 0.121794871875 0.3846153859375 0.1335470078125 0.3874643875 0.1485042734375 0.3860398859375 0.1613247859375 0.3603988609375 0.15491453125000001 0.33475783593749997 0.10683760625000001 0.31766381875 0.077991453125 0.31766381875 0.061965812499999995 0.3518518515625 0.09294871875 0.3618233609375
0 0.7297008546875 0.3119658109375 0.7948717937499999 0.3262108265625 0.824786325 0.3262108265625 0.8386752140624999 0.25641025625 0.8290598296875 0.2008547 0.8258547015625 0.15811965781249998 0.7980769234375 0.10968660937500001 0.7713675203125 0.096866096875 0.7361111109375 0.10541310625 0.7136752140625 0.10541310625 0.675213675 0.1396011390625 0.665598290625 0.2065527078125 0.6730769234375 0.27635327656249997 0.7297008546875 0.3119658109375
0 0.4786324796875 0.8262108265625001 0.525641025 0.81766381875 0.5480769234375 0.7977207984375 0.5769230765625 0.75498575625 0.589743590625 0.7122507125 0.5865384609375 0.6695156703125 0.5641025640625 0.6509971515624999 0.5416666671875 0.6381766390625 0.5010683765625 0.64957265 0.4711538453125 0.678062678125 0.46581196562500005 0.71937321875 0.4615384609375 0.7706552703125 0.4786324796875 0.8262108265625001
0 0.6826923078125 0.9173789171875001 0.699786325 0.904558403125 0.722222221875 0.86894586875 0.727564103125 0.7948717937499999 0.715811965625 0.7578347578125 0.6944444437499999 0.73219373125 0.675213675 0.7264957265625 0.6271367531250001 0.7393162390625 0.60042735 0.8048433062499999 0.6164529921875 0.8447293437500001 0.650641025 0.8888888890625 0.6826923078125 0.9173789171875001
0 0.85683760625 0.8803418796875 0.8760683765625 0.85042735 0.8771367531250001 0.821937321875 0.88034188125 0.7478632484375 0.8739316234375 0.7264957265625 0.8354700859375 0.7079772078125 0.7948717937499999 0.71937321875 0.784188034375 0.7165242171874999 0.785256409375 0.777777778125 0.8055555562500001 0.8447293437500001 0.8301282062500001 0.8746438734374999 0.85683760625 0.8803418796875
0 0.824786325 0.64957265 0.8365384609375001 0.6139601140625001 0.847222221875 0.591168090625 0.85576923125 0.5669515671875 0.8643162390624999 0.527065528125 0.8461538453124999 0.49430199375 0.8237179484375 0.48290598281249997 0.8076923078125 0.48860398906249997 0.79273504375 0.508547009375 0.777777778125 0.539886040625 0.785256409375 0.6025641015625001 0.8066239312500001 0.6424501421875 0.824786325 0.64957265
0 0.3985042734375 0.4074074078125 0.3910256421875 0.3874643875 0.37179487187500004 0.408831909375 0.37179487187500004 0.441595440625 0.384615384375 0.47150997187500004 0.3963675203125 0.45156695156250004 0.3985042734375 0.4074074078125
0 0.327991453125 0.4017094015625 0.3269230765625 0.3874643875 0.31410256406250003 0.377492878125 0.29487179375 0.37179487187500004 0.29487179375 0.408831909375 0.3076923078125 0.421652421875 0.3205128203125 0.4159544171875 0.327991453125 0.4017094015625
0 0.40789473750000005 0.5263157890625 0.413742690625 0.5038986359375001 0.4108187140625 0.49025341093749997 0.3932748546875 0.4844054578125 0.3830409359375 0.4834308 0.37719298125 0.5087719296875 0.38523391875 0.5282651078125 0.3954678359375 0.5321637421875 0.40789473750000005 0.5263157890625
0 0.29532163749999996 0.56530214375 0.310672515625 0.554580896875 0.31871345 0.54385965 0.31725146249999997 0.53508771875 0.31140350781250004 0.51851851875 0.2989766078125 0.50487329375 0.29093567187499997 0.5068226124999999 0.278508771875 0.517543859375 0.2770467828125 0.5487329421875 0.28362573125 0.566276803125 0.29532163749999996 0.56530214375
0 0.17251461875000002 0.37426900625 0.17982456093750002 0.3957115015625 0.19152046875 0.40448343124999997 0.2076023390625 0.415204678125 0.2236842109375 0.3957115015625 0.22953216406250002 0.3684210515625 0.2171052625 0.341130603125 0.20102339218749998 0.3265107203125 0.18055555625 0.336257309375 0.17251461875000002 0.3460038984375 0.17251461875000002 0.37426900625
0 0.47587719375 0.49805068124999996 0.46929824531250003 0.47563352812500004 0.46198830468749996 0.46491228125 0.4546783625 0.46296296249999996 0.44298245625000005 0.49025341093749997 0.4532163734375 0.505847953125 0.4736842109375 0.5077972703125 0.47587719375 0.49805068124999996
0 0.43347953125 0.54385965 0.43859649218749996 0.5321637421875 0.44078947343749997 0.5233918125 0.44225146249999997 0.5087719296875 0.43274853750000003 0.500974659375 0.4203216375 0.50487329375 0.41812865625000006 0.5272904484375001 0.42251461875 0.5380116968750001 0.4290935671875 0.5506822609375 0.43347953125 0.54385965
0 0.5979532171875 0.5867446390625 0.6111111109375 0.56530214375 0.6103801171875001 0.554580896875 0.60233918125 0.54385965 0.5891812859375001 0.53508771875 0.5767543859375001 0.5341130609375 0.5723684203125 0.5633528265625001 0.5796783624999999 0.5847953218749999 0.58991228125 0.5925925921874999 0.5979532171875 0.5867446390625
0 0.6323099421875 0.5945419109375 0.63669590625 0.579922028125 0.63523391875 0.566276803125 0.6235380109374999 0.56237816875 0.6111111109375 0.5701754390625 0.6059941515625 0.5857699796875 0.61330409375 0.603313840625 0.62426900625 0.60233918125 0.6323099421875 0.5945419109375
0 0.9108187140625 0.40448343124999997 0.9137426906250001 0.403508771875 0.92105263125 0.39376218281250003 0.9232456140625 0.3869395703125 0.9232456140625 0.3762183234375 0.9188596484374999 0.3645224171875 0.914473684375 0.3557504875 0.8983918125000001 0.3528265109375 0.88523391875 0.3713450296875 0.890350878125 0.3908382078125 0.8983918125000001 0.403508771875 0.9108187140625 0.40448343124999997
0 0.89912280625 0.54191033125 0.909356725 0.5399610125 0.915935671875 0.52144249375 0.9188596484374999 0.5087719296875 0.91959064375 0.4922027296875 0.91154970625 0.4727095515625 0.9005847953125 0.46978557656250003 0.890350878125 0.4766081875 0.8845029234374999 0.48830409374999995 0.8845029234374999 0.5097465890625 0.8874269 0.52534113125 0.89912280625 0.54191033125
0 0.9239766078124999 0.6072124765625 0.9298245609375 0.5711500984375 0.9217836265624999 0.5555555562500001 0.909356725 0.5526315796875 0.8910818703125001 0.559454190625 0.8888888890625 0.5877192984375 0.896929825 0.603313840625 0.9086257312500001 0.6130604296875 0.9239766078124999 0.6072124765625
0 0.709064328125 0.7261208578125 0.7076023390625 0.735867446875 0.709064328125 0.742690059375 0.7141812859375001 0.7495126703125 0.721491228125 0.7651072125 0.72733918125 0.7797270968750001 0.7331871343749999 0.78362573125 0.73976608125 0.777777778125 0.7463450296875 0.7495126703125 0.74780701875 0.7270955171875 0.7412280703125 0.70272904375 0.72880116875 0.6890838203125 0.7192982453125001 0.698830409375 0.71637426875 0.7105263171875 0.709064328125 0.7261208578125
0 0.7741228062500001 0.8450292390625 0.801900584375 0.840155946875 0.799707603125 0.8343079921875001 0.790935671875 0.784600390625 0.777777778125 0.7748538015624999 0.77119883125 0.7534113062500001 0.74926900625 0.764132553125 0.744152046875 0.7884990265625 0.756578946875 0.8187134500000001 0.7741228062500001 0.8450292390625
0 0.9312865499999999 0.8479532171875 0.9181286562500001 0.8157894734375001 0.9057017546875 0.82358674375 0.902777778125 0.8372319687499999 0.90716374375 0.8693957109375001 0.9239766078124999 0.8762183234375 0.9312865499999999 0.8479532171875
0 0.9086257312500001 0.735867446875 0.89766081875 0.7076023390625 0.8866959062499999 0.698830409375 0.8720760234375 0.7085769984375 0.8779239765625 0.7348927875 0.8961988312500001 0.7456140359375001 0.9086257312500001 0.735867446875
0 0.98976608125 0.7699805078125 0.9795321640625 0.7582846 0.9751461984375001 0.7582846 0.960526315625 0.7563352828125 0.97587719375 0.7914230015625 0.9970760234375 0.799220271875 0.9956140343750001 0.7826510718749999 0.98976608125 0.7699805078125
0 0.982456140625 0.8859649125000001 0.9809941515625 0.8723196890624999 0.972222221875 0.8645224171875 0.960526315625 0.8654970765625001 0.9597953218749999 0.8859649125000001 0.965643275 0.8937621828125 0.97733918125 0.896686159375 0.982456140625 0.8859649125000001
0 0.27266081875000003 0.859649121875 0.28581871406250003 0.8567251468749999 0.2989766078125 0.8508771921875 0.301169590625 0.84405458125 0.299707603125 0.8372319687499999 0.29239766093749997 0.8294346984375001 0.28508771875 0.821637428125 0.27777777812500004 0.821637428125 0.26900584843750003 0.8265107203125 0.26169590625 0.8460038984375 0.27266081875000003 0.859649121875